dataset,seed,method,score,left_hausdorff,right_hausdorff,symmetric_hausdorff,true_changepoints,estimated_changepoints,n_cpts,time
dirichlet__n_segments=20__n_observations=250,484,changeforest_bs,0.9767025964401568,0.012,0.008,0.012,"[2, 21, 55, 58, 81, 94, 109, 113, 130, 132, 146, 159, 164, 180, 185, 191, 203, 244, 245, 250]","[0, 21, 55, 81, 94, 109, 113, 130, 146, 159, 164, 180, 184, 191, 203, 244, 250]",15.0,0.0885547432117164
dirichlet__n_segments=20__n_observations=250,484,changekNN_bs,0.0656621363693039,0.384,0.008,0.384,"[2, 21, 55, 58, 81, 94, 109, 113, 130, 132, 146, 159, 164, 180, 185, 191, 203, 244, 245, 250]","[0, 205, 250]",1.0,0.0078526237048208
dirichlet__n_segments=20__n_observations=250,484,ecp,0.0,0.48,0.008,0.48,"[2, 21, 55, 58, 81, 94, 109, 113, 130, 132, 146, 159, 164, 180, 185, 191, 203, 244, 245, 250]","[0.0, 250.0]",0.0,0.2614031410776078
dirichlet__n_segments=20__n_observations=250,484,multirank,0.9103235902448849,0.008,0.036,0.036,"[2, 21, 55, 58, 81, 94, 109, 113, 130, 132, 146, 159, 164, 180, 185, 191, 203, 244, 245, 250]","[0, 2, 21, 55, 58, 81, 94, 109, 113, 130, 146, 155, 159, 164, 180, 185, 191, 203, 235, 245, 250]",19.0,0.2176840901374817
dirichlet__n_segments=20__n_observations=250,484,kernseg_rbf,0.0,0.48,0.008,0.48,"[2, 21, 55, 58, 81, 94, 109, 113, 130, 132, 146, 159, 164, 180, 185, 191, 203, 244, 245, 250]","[0, 250]",0.0,0.0442282492294907
dirichlet__n_segments=20__n_observations=353,484,changeforest_bs,0.969192058653764,0.0113314447592068,0.0084985835694051,0.0113314447592068,"[3, 29, 77, 81, 115, 132, 154, 160, 184, 186, 207, 225, 232, 254, 261, 270, 287, 344, 346, 353]","[0, 29, 77, 115, 132, 156, 161, 185, 207, 224, 232, 254, 261, 270, 287, 344, 353]",15.0,0.1211285460740327
dirichlet__n_segments=20__n_observations=353,484,changekNN_bs,0.0044465392467871,0.4532577903682719,0.0169971671388102,0.4532577903682719,"[3, 29, 77, 81, 115, 132, 154, 160, 184, 186, 207, 225, 232, 254, 261, 270, 287, 344, 346, 353]","[0, 338, 353]",1.0,0.0151813309639692
dirichlet__n_segments=20__n_observations=353,484,ecp,0.0485480434546101,0.3994334277620396,0.0226628895184136,0.3994334277620396,"[3, 29, 77, 81, 115, 132, 154, 160, 184, 186, 207, 225, 232, 254, 261, 270, 287, 344, 346, 353]","[0.0, 295.0, 353.0]",1.0,0.8954984080046415
dirichlet__n_segments=20__n_observations=353,484,multirank,0.952345617929475,0.0113314447592068,0.0084985835694051,0.0113314447592068,"[3, 29, 77, 81, 115, 132, 154, 160, 184, 186, 207, 225, 232, 254, 261, 270, 287, 344, 346, 353]","[0, 3, 29, 77, 113, 132, 154, 160, 184, 207, 225, 232, 254, 261, 270, 287, 346, 353]",16.0,0.4004645152017474
dirichlet__n_segments=20__n_observations=353,484,kernseg_rbf,0.0,0.4787535410764872,0.0084985835694051,0.4787535410764872,"[3, 29, 77, 81, 115, 132, 154, 160, 184, 186, 207, 225, 232, 254, 261, 270, 287, 344, 346, 353]","[0, 353]",0.0,0.0965590118430554
dirichlet__n_segments=20__n_observations=500,484,changeforest_bs,0.9309494722406532,0.008,0.042,0.042,"[4, 41, 109, 115, 163, 188, 218, 226, 260, 263, 293, 318, 328, 360, 369, 382, 406, 487, 490, 500]","[0, 4, 41, 109, 116, 136, 163, 188, 218, 227, 260, 293, 318, 326, 360, 368, 382, 404, 486, 500]",18.0,0.1800885000266134
dirichlet__n_segments=20__n_observations=500,484,changekNN_bs,0.0791403235972519,0.376,0.008,0.376,"[4, 41, 109, 115, 163, 188, 218, 226, 260, 263, 293, 318, 328, 360, 369, 382, 406, 487, 490, 500]","[0, 403, 500]",1.0,0.0303520830348134
dirichlet__n_segments=20__n_observations=500,484,ecp,0.0,0.48,0.008,0.48,"[4, 41, 109, 115, 163, 188, 218, 226, 260, 263, 293, 318, 328, 360, 369, 382, 406, 487, 490, 500]","[0.0, 500.0]",0.0,0.9763460322283208
dirichlet__n_segments=20__n_observations=500,484,multirank,0.9392819343848272,0.016,0.008,0.016,"[4, 41, 109, 115, 163, 188, 218, 226, 260, 263, 293, 318, 328, 360, 369, 382, 406, 487, 490, 500]","[0, 4, 41, 109, 162, 188, 218, 227, 260, 292, 318, 328, 368, 382, 406, 490, 500]",15.0,0.6674744449555874
dirichlet__n_segments=20__n_observations=500,484,kernseg_rbf,0.3405351474440086,0.172,0.008,0.172,"[4, 41, 109, 115, 163, 188, 218, 226, 260, 263, 293, 318, 328, 360, 369, 382, 406, 487, 490, 500]","[0, 41, 228, 404, 500]",3.0,0.1307930368930101
dirichlet__n_segments=20__n_observations=707,484,changeforest_bs,0.8462380074881765,0.0113154172560113,0.065063649222065,0.065063649222065,"[5, 58, 155, 163, 230, 265, 309, 320, 368, 372, 414, 450, 464, 509, 522, 540, 575, 689, 693, 707]","[0, 5, 58, 155, 187, 210, 230, 265, 309, 320, 369, 414, 450, 464, 508, 521, 540, 575, 621, 689, 707]",19.0,0.2441947073675692
dirichlet__n_segments=20__n_observations=707,484,changekNN_bs,0.0,0.4794908062234795,0.007072135785007,0.4794908062234795,"[5, 58, 155, 163, 230, 265, 309, 320, 368, 372, 414, 450, 464, 509, 522, 540, 575, 689, 693, 707]","[0, 707]",0.0,0.0641880212351679
dirichlet__n_segments=20__n_observations=707,484,ecp,0.4264703422784933,0.1937765205091937,0.0084865629420084,0.1937765205091937,"[5, 58, 155, 163, 230, 265, 309, 320, 368, 372, 414, 450, 464, 509, 522, 540, 575, 689, 693, 707]","[0.0, 5.0, 58.0, 155.0, 235.0, 521.0, 581.0, 707.0]",6.0,6.660331242252141
dirichlet__n_segments=20__n_observations=707,484,multirank,0.9543417257602392,0.0198019801980198,0.007072135785007,0.0198019801980198,"[5, 58, 155, 163, 230, 265, 309, 320, 368, 372, 414, 450, 464, 509, 522, 540, 575, 689, 693, 707]","[0, 5, 58, 155, 230, 265, 320, 368, 414, 450, 464, 508, 540, 575, 689, 707]",14.0,1.1763108358718457
dirichlet__n_segments=20__n_observations=707,484,kernseg_rbf,0.8823478209901691,0.0254596888260254,0.007072135785007,0.0254596888260254,"[5, 58, 155, 163, 230, 265, 309, 320, 368, 372, 414, 450, 464, 509, 522, 540, 575, 689, 693, 707]","[0, 58, 155, 230, 265, 306, 320, 368, 414, 449, 521, 524, 575, 707]",12.0,0.1630940269678831
dirichlet__n_segments=20__n_observations=1000,484,changeforest_bs,0.9039520654688228,0.011,0.05,0.05,"[7, 82, 219, 230, 326, 375, 436, 452, 521, 527, 586, 636, 657, 720, 738, 764, 813, 975, 980, 1000]","[0, 7, 82, 169, 219, 327, 375, 436, 452, 521, 587, 636, 641, 657, 720, 738, 764, 810, 975, 980, 1000]",19.0,0.3315464160405099
dirichlet__n_segments=20__n_observations=1000,484,changekNN_bs,0.1591780064265817,0.307,0.063,0.307,"[7, 82, 219, 230, 326, 375, 436, 452, 521, 527, 586, 636, 657, 720, 738, 764, 813, 975, 980, 1000]","[0, 145, 768, 799, 1000]",3.0,0.1253573009744286
dirichlet__n_segments=20__n_observations=1000,484,ecp,0.7333220510737654,0.071,0.007,0.071,"[7, 82, 219, 230, 326, 375, 436, 452, 521, 527, 586, 636, 657, 720, 738, 764, 813, 975, 980, 1000]","[0.0, 7.0, 82.0, 219.0, 371.0, 435.0, 586.0, 736.0, 768.0, 813.0, 1000.0]",9.0,13.904828859027475
dirichlet__n_segments=20__n_observations=1000,484,multirank,0.9488825273608276,0.021,0.007,0.021,"[7, 82, 219, 230, 326, 375, 436, 452, 521, 527, 586, 636, 657, 720, 738, 764, 813, 975, 980, 1000]","[0, 7, 82, 219, 326, 375, 436, 452, 521, 586, 657, 720, 764, 813, 979, 1000]",14.0,2.118320798035711
dirichlet__n_segments=20__n_observations=1000,484,kernseg_rbf,0.8449752656886711,0.043,0.007,0.043,"[7, 82, 219, 230, 326, 375, 436, 452, 521, 527, 586, 636, 657, 720, 738, 764, 813, 975, 980, 1000]","[0, 75, 79, 219, 325, 332, 452, 528, 586, 658, 736, 764, 813, 1000]",12.0,0.2359433430247008
dirichlet__n_segments=20__n_observations=1414,484,changeforest_bs,0.9830643000799608,0.0014144271570014,0.007072135785007,0.007072135785007,"[10, 116, 309, 326, 461, 531, 617, 639, 736, 745, 828, 899, 928, 1018, 1044, 1080, 1149, 1379, 1386, 1414]","[0, 10, 116, 309, 324, 334, 460, 531, 617, 639, 734, 745, 828, 899, 928, 1018, 1045, 1080, 1149, 1379, 1387, 1414]",20.0,0.4448648076504469
dirichlet__n_segments=20__n_observations=1414,484,changekNN_bs,0.7989037481020189,0.0466760961810466,0.0445544554455445,0.0466760961810466,"[10, 116, 309, 326, 461, 531, 617, 639, 736, 745, 828, 899, 928, 1018, 1044, 1080, 1149, 1379, 1386, 1414]","[0, 119, 246, 308, 527, 617, 642, 743, 830, 898, 931, 1019, 1050, 1062, 1070, 1149, 1414]",15.0,0.2634908002801239
dirichlet__n_segments=20__n_observations=1414,484,ecp,0.8170178378169242,0.0664780763790664,0.0134370579915134,0.0664780763790664,"[10, 116, 309, 326, 461, 531, 617, 639, 736, 745, 828, 899, 928, 1018, 1044, 1080, 1149, 1379, 1386, 1414]","[0.0, 10.0, 117.0, 306.0, 460.0, 530.0, 640.0, 830.0, 947.0, 1040.0, 1080.0, 1149.0, 1414.0]",11.0,31.30941932508722
dirichlet__n_segments=20__n_observations=1414,484,multirank,0.9503209318757108,0.0176803394625176,0.007072135785007,0.0176803394625176,"[10, 116, 309, 326, 461, 531, 617, 639, 736, 745, 828, 899, 928, 1018, 1044, 1080, 1149, 1379, 1386, 1414]","[0, 10, 116, 309, 460, 531, 617, 639, 736, 828, 899, 928, 1043, 1080, 1149, 1385, 1414]",15.0,3.884957706090063
dirichlet__n_segments=20__n_observations=1414,484,kernseg_rbf,0.9232333791752544,0.0212164073550212,0.007072135785007,0.0212164073550212,"[10, 116, 309, 326, 461, 531, 617, 639, 736, 745, 828, 899, 928, 1018, 1044, 1080, 1149, 1379, 1386, 1414]","[0, 117, 306, 460, 531, 617, 640, 743, 745, 819, 898, 1040, 1080, 1149, 1383, 1414]",14.0,0.4002510942518711
dirichlet__n_segments=20__n_observations=2000,484,changeforest_bs,0.9916771775793822,0.0005,0.0075,0.0075,"[15, 164, 438, 461, 652, 750, 873, 904, 1041, 1053, 1172, 1272, 1313, 1440, 1477, 1528, 1626, 1950, 1960, 2000]","[0, 15, 164, 438, 461, 652, 750, 873, 904, 1042, 1053, 1173, 1272, 1313, 1440, 1477, 1528, 1626, 1950, 1960, 2000]",19.0,0.6271194731816649
dirichlet__n_segments=20__n_observations=2000,484,changekNN_bs,0.8644220476976259,0.0285,0.0085,0.0285,"[15, 164, 438, 461, 652, 750, 873, 904, 1041, 1053, 1172, 1272, 1313, 1440, 1477, 1528, 1626, 1950, 1960, 2000]","[0, 15, 162, 439, 650, 756, 882, 903, 1025, 1164, 1329, 1478, 1530, 1614, 1977, 2000]",14.0,0.5283038662746549
dirichlet__n_segments=20__n_observations=2000,484,ecp,0.9066266592995452,0.0185,0.0075,0.0185,"[15, 164, 438, 461, 652, 750, 873, 904, 1041, 1053, 1172, 1272, 1313, 1440, 1477, 1528, 1626, 1950, 1960, 2000]","[0.0, 15.0, 163.0, 441.0, 650.0, 756.0, 900.0, 1041.0, 1174.0, 1308.0, 1477.0, 1530.0, 1614.0, 1954.0, 2000.0]",13.0,82.111797247082
dirichlet__n_segments=20__n_observations=2000,484,multirank,0.9552157290777872,0.0205,0.0075,0.0205,"[15, 164, 438, 461, 652, 750, 873, 904, 1041, 1053, 1172, 1272, 1313, 1440, 1477, 1528, 1626, 1950, 1960, 2000]","[0, 15, 164, 438, 652, 750, 873, 904, 1041, 1172, 1313, 1440, 1528, 1626, 1950, 2000]",14.0,7.587474707048386
dirichlet__n_segments=20__n_observations=2000,484,kernseg_rbf,0.9282152465483604,0.0185,0.0075,0.0185,"[15, 164, 438, 461, 652, 750, 873, 904, 1041, 1053, 1172, 1272, 1313, 1440, 1477, 1528, 1626, 1950, 1960, 2000]","[0, 163, 439, 650, 756, 903, 1041, 1174, 1309, 1477, 1530, 1625, 1954, 2000]",12.0,0.7048720032908022
dirichlet__n_segments=20__n_observations=2828,484,changeforest_bs,0.9897452505956026,0.001060820367751,0.0074257425742574,0.0074257425742574,"[21, 232, 619, 651, 922, 1061, 1234, 1278, 1472, 1489, 1657, 1799, 1857, 2036, 2088, 2161, 2298, 2757, 2772, 2828]","[0, 21, 232, 619, 651, 922, 1061, 1233, 1278, 1472, 1489, 1657, 1799, 1857, 2036, 2088, 2161, 2295, 2757, 2772, 2828]",19.0,0.8638556068763137
dirichlet__n_segments=20__n_observations=2828,484,changekNN_bs,0.890526371762134,0.0152050919377652,0.0109618104667609,0.0152050919377652,"[21, 232, 619, 651, 922, 1061, 1234, 1278, 1472, 1489, 1657, 1799, 1857, 2036, 2088, 2161, 2298, 2757, 2772, 2828]","[0, 21, 219, 589, 608, 924, 1051, 1249, 1271, 1449, 1467, 1660, 1768, 1794, 1857, 2035, 2085, 2112, 2162, 2280, 2759, 2828]",20.0,1.0545292417518797
dirichlet__n_segments=20__n_observations=2828,484,ecp,0.9450920575480342,0.0152050919377652,0.0074257425742574,0.0152050919377652,"[21, 232, 619, 651, 922, 1061, 1234, 1278, 1472, 1489, 1657, 1799, 1857, 2036, 2088, 2161, 2298, 2757, 2772, 2828]","[0.0, 21.0, 228.0, 619.0, 923.0, 1051.0, 1233.0, 1278.0, 1473.0, 1660.0, 1796.0, 1857.0, 2079.0, 2162.0, 2296.0, 2759.0, 2828.0]",15.0,152.51346513815224
dirichlet__n_segments=20__n_observations=2828,484,multirank,0.946437981108602,0.0205091937765205,0.0074257425742574,0.0205091937765205,"[21, 232, 619, 651, 922, 1061, 1234, 1278, 1472, 1489, 1657, 1799, 1857, 2036, 2088, 2161, 2298, 2757, 2772, 2828]","[0, 21, 232, 619, 922, 1061, 1234, 1278, 1472, 1657, 1857, 2036, 2161, 2298, 2772, 2828]",14.0,15.993932923767716
dirichlet__n_segments=20__n_observations=2828,484,kernseg_rbf,0.9645348270184834,0.0113154172560113,0.0074257425742574,0.0113154172560113,"[21, 232, 619, 651, 922, 1061, 1234, 1278, 1472, 1489, 1657, 1799, 1857, 2036, 2088, 2161, 2298, 2757, 2772, 2828]","[0, 228, 619, 923, 1051, 1233, 1278, 1473, 1660, 1796, 1857, 2036, 2088, 2107, 2162, 2297, 2759, 2828]",16.0,1.3609659280627966
dirichlet__n_segments=20__n_observations=4000,484,changeforest_bs,0.9818935382350108,0.00025,0.009,0.009,"[29, 329, 875, 921, 1304, 1501, 1746, 1808, 2082, 2106, 2343, 2544, 2626, 2879, 2954, 3056, 3251, 3900, 3921, 4000]","[0, 29, 329, 876, 921, 957, 1304, 1501, 1746, 1808, 2082, 2106, 2344, 2543, 2626, 2879, 2954, 3056, 3251, 3900, 3921, 4000]",20.0,1.2492606500163674
dirichlet__n_segments=20__n_observations=4000,484,changekNN_bs,0.9263399251457812,0.0115,0.00775,0.0115,"[29, 329, 875, 921, 1304, 1501, 1746, 1808, 2082, 2106, 2343, 2544, 2626, 2879, 2954, 3056, 3251, 3900, 3921, 4000]","[0, 29, 330, 360, 875, 1288, 1502, 1746, 1809, 2061, 2082, 2345, 2543, 2621, 2898, 2931, 3050, 3246, 3920, 4000]",18.0,2.1106925178319216
dirichlet__n_segments=20__n_observations=4000,484,ecp,0.965631404925314,0.0115,0.00725,0.0115,"[29, 329, 875, 921, 1304, 1501, 1746, 1808, 2082, 2106, 2343, 2544, 2626, 2879, 2954, 3056, 3251, 3900, 3921, 4000]","[0.0, 29.0, 328.0, 875.0, 1304.0, 1501.0, 1746.0, 1806.0, 2082.0, 2348.0, 2547.0, 2623.0, 2878.0, 2940.0, 3054.0, 3250.0, 3901.0, 4000.0]",16.0,300.1917516272515
dirichlet__n_segments=20__n_observations=4000,484,multirank,0.9548711477469444,0.0205,0.00725,0.0205,"[29, 329, 875, 921, 1304, 1501, 1746, 1808, 2082, 2106, 2343, 2544, 2626, 2879, 2954, 3056, 3251, 3900, 3921, 4000]","[0, 29, 329, 875, 1304, 1501, 1746, 1808, 2082, 2343, 2626, 2879, 3056, 3251, 3901, 4000]",14.0,33.14272283576429
dirichlet__n_segments=20__n_observations=4000,484,kernseg_rbf,0.9753935413088168,0.01125,0.00725,0.01125,"[29, 329, 875, 921, 1304, 1501, 1746, 1808, 2082, 2106, 2343, 2544, 2626, 2879, 2954, 3056, 3251, 3900, 3921, 4000]","[0, 328, 876, 1304, 1501, 1746, 1808, 2082, 2345, 2547, 2626, 2878, 2940, 3054, 3251, 3901, 4000]",15.0,2.6397605217061937
dirichlet__n_segments=20__n_observations=5656,484,changeforest_bs,0.9715753036719532,0.0001768033946251,0.0297029702970297,0.0297029702970297,"[41, 465, 1237, 1302, 1844, 2122, 2469, 2556, 2944, 2978, 3313, 3597, 3713, 4071, 4177, 4321, 4597, 5514, 5544, 5656]","[0, 41, 465, 1237, 1302, 1844, 2123, 2469, 2556, 2724, 2944, 2979, 3313, 3530, 3597, 3713, 4071, 4177, 4321, 4597, 5514, 5545, 5656]",21.0,1.6946105808019638
dirichlet__n_segments=20__n_observations=5656,484,changekNN_bs,0.9595509595591882,0.0054809052333804,0.0072489391796322,0.0072489391796322,"[41, 465, 1237, 1302, 1844, 2122, 2469, 2556, 2944, 2978, 3313, 3597, 3713, 4071, 4177, 4321, 4597, 5514, 5544, 5656]","[0, 41, 465, 1228, 1278, 1849, 2126, 2477, 2556, 2586, 2945, 2974, 3313, 3597, 3687, 4071, 4178, 4323, 4597, 5545, 5656]",19.0,4.299074427690357
dirichlet__n_segments=20__n_observations=5656,484,ecp,0.9636339622996284,0.0113154172560113,0.0072489391796322,0.0113154172560113,"[41, 465, 1237, 1302, 1844, 2122, 2469, 2556, 2944, 2978, 3313, 3597, 3713, 4071, 4177, 4321, 4597, 5514, 5544, 5656]","[0.0, 41.0, 465.0, 1238.0, 1849.0, 2124.0, 2469.0, 2564.0, 2945.0, 3313.0, 3597.0, 3711.0, 4071.0, 4178.0, 4323.0, 4597.0, 5531.0, 5656.0]",16.0,742.3179038260132
dirichlet__n_segments=20__n_observations=5656,484,multirank,0.9463813396097344,0.0205091937765205,0.0072489391796322,0.0205091937765205,"[41, 465, 1237, 1302, 1844, 2122, 2469, 2556, 2944, 2978, 3313, 3597, 3713, 4071, 4177, 4321, 4597, 5514, 5544, 5656]","[0, 41, 465, 1237, 1844, 2122, 2469, 2556, 2945, 3313, 3713, 4071, 4321, 4597, 5544, 5656]",14.0,69.08584948070347
dirichlet__n_segments=20__n_observations=5656,484,kernseg_rbf,0.9711310201624288,0.0113154172560113,0.0072489391796322,0.0113154172560113,"[41, 465, 1237, 1302, 1844, 2122, 2469, 2556, 2944, 2978, 3313, 3597, 3713, 4071, 4177, 4321, 4597, 5514, 5544, 5656]","[0, 465, 1238, 1849, 2124, 2469, 2561, 2945, 3313, 3597, 3715, 4071, 4178, 4323, 4597, 5531, 5656]",15.0,5.384099326096475
dirichlet__n_segments=20__n_observations=8000,484,changeforest_bs,0.9883450180163726,0.000125,0.00725,0.00725,"[58, 658, 1750, 1842, 2608, 3002, 3492, 3616, 4164, 4212, 4687, 5088, 5252, 5758, 5908, 6112, 6502, 7800, 7841, 8000]","[0, 58, 658, 1750, 1842, 2608, 3003, 3492, 3616, 4165, 4212, 4264, 4687, 5088, 5252, 5758, 5908, 6112, 6502, 7800, 7841, 8000]",20.0,2.356860537547618
dirichlet__n_segments=20__n_observations=8000,484,changekNN_bs,0.9605531858427964,0.011375,0.00725,0.011375,"[58, 658, 1750, 1842, 2608, 3002, 3492, 3616, 4164, 4212, 4687, 5088, 5252, 5758, 5908, 6112, 6502, 7800, 7841, 8000]","[0, 58, 657, 1751, 2607, 3030, 3492, 3616, 4163, 4210, 4693, 5080, 5254, 5758, 5908, 6122, 6489, 7819, 8000]",17.0,8.920290710870177
dirichlet__n_segments=20__n_observations=8000,484,ecp,0.9677997828291844,0.0115,0.00725,0.0115,"[58, 658, 1750, 1842, 2608, 3002, 3492, 3616, 4164, 4212, 4687, 5088, 5252, 5758, 5908, 6112, 6502, 7800, 7841, 8000]","[0.0, 58.0, 657.0, 1750.0, 2608.0, 3004.0, 3485.0, 3616.0, 4164.0, 4212.0, 4694.0, 5088.0, 5254.0, 5759.0, 5908.0, 6111.0, 6497.0, 7824.0, 8000.0]",17.0,1587.9816063307226
dirichlet__n_segments=20__n_observations=8000,484,multirank,0.946853836558598,0.0205,0.00725,0.0205,"[58, 658, 1750, 1842, 2608, 3002, 3492, 3616, 4164, 4212, 4687, 5088, 5252, 5758, 5908, 6112, 6502, 7800, 7841, 8000]","[0, 58, 658, 1750, 2608, 3002, 3491, 3616, 4165, 4687, 5252, 5758, 6112, 6502, 7840, 8000]",14.0,143.04752596700564
dirichlet__n_segments=20__n_observations=8000,484,kernseg_rbf,0.9702457922096926,0.0115,0.00725,0.0115,"[58, 658, 1750, 1842, 2608, 3002, 3492, 3616, 4164, 4212, 4687, 5088, 5252, 5758, 5908, 6112, 6502, 7800, 7841, 8000]","[0, 58, 657, 1750, 2608, 3002, 3485, 3616, 4164, 4210, 4687, 5088, 5254, 5758, 5908, 6111, 6504, 7824, 8000]",17.0,10.892847040202469
dirichlet__n_segments=20__n_observations=11313,484,changeforest_bs,0.9845119498654143,0.0,0.0222752585521081,0.0222752585521081,"[82, 930, 2475, 2605, 3687, 4245, 4938, 5113, 5888, 5957, 6627, 7195, 7428, 8143, 8354, 8643, 9195, 11029, 11089, 11313]","[0, 82, 930, 2475, 2605, 3687, 3939, 4245, 4938, 5023, 5113, 5888, 5957, 6627, 7195, 7428, 8143, 8354, 8643, 9195, 11029, 11089, 11313]",21.0,3.29973528906703
dirichlet__n_segments=20__n_observations=11313,484,changekNN_bs,0.972171975120475,0.0053036329885971,0.0072482984177494,0.0072482984177494,"[82, 930, 2475, 2605, 3687, 4245, 4938, 5113, 5888, 5957, 6627, 7195, 7428, 8143, 8354, 8643, 9195, 11029, 11089, 11313]","[0, 82, 926, 2469, 2528, 2588, 3688, 4247, 4945, 5108, 5887, 5958, 6635, 7214, 7428, 8138, 8357, 8644, 9190, 11089, 11313]",19.0,18.41405540611595
dirichlet__n_segments=20__n_observations=11313,484,multirank,0.9463109383744098,0.0205957747723857,0.0072482984177494,0.0205957747723857,"[82, 930, 2475, 2605, 3687, 4245, 4938, 5113, 5888, 5957, 6627, 7195, 7428, 8143, 8354, 8643, 9195, 11029, 11089, 11313]","[0, 82, 930, 2475, 3687, 4245, 4938, 5113, 5888, 6627, 7428, 8144, 8643, 9195, 11089, 11313]",14.0,292.3657392919995
dirichlet__n_segments=20__n_observations=11313,484,kernseg_rbf,0.9888310203595015,0.0053036329885971,0.0072482984177494,0.0072482984177494,"[82, 930, 2475, 2605, 3687, 4245, 4938, 5113, 5888, 5957, 6627, 7195, 7428, 8143, 8354, 8643, 9195, 11029, 11089, 11313]","[0, 82, 926, 2473, 2606, 3688, 4245, 4936, 5110, 5888, 5957, 6627, 7202, 7428, 8141, 8357, 8643, 9195, 11029, 11313]",18.0,22.30830208212137
dirichlet__n_segments=20__n_observations=16000,484,changeforest_bs,0.9929220354814748,6.25e-05,0.00725,0.00725,"[116, 1315, 3501, 3684, 5215, 6004, 6983, 7231, 8328, 8425, 9373, 10176, 10505, 11517, 11816, 12224, 13004, 15599, 15683, 16000]","[0, 116, 1315, 3501, 3685, 5215, 6004, 6983, 7231, 8328, 8425, 9373, 10176, 10504, 11517, 11816, 12224, 13004, 15599, 15683, 16000]",19.0,4.593295183032751
dirichlet__n_segments=20__n_observations=16000,484,changekNN_bs,0.9766994129933332,0.00475,0.00725,0.00725,"[116, 1315, 3501, 3684, 5215, 6004, 6983, 7231, 8328, 8425, 9373, 10176, 10505, 11517, 11816, 12224, 13004, 15599, 15683, 16000]","[0, 116, 1306, 3501, 3653, 5215, 6014, 6992, 7229, 8332, 8417, 9385, 10181, 10494, 11593, 11820, 12224, 13000, 15582, 15663, 16000]",19.0,37.98634052975103
dirichlet__n_segments=20__n_observations=16000,484,multirank,0.9476132175578684,0.0205625,0.00725,0.0205625,"[116, 1315, 3501, 3684, 5215, 6004, 6983, 7231, 8328, 8425, 9373, 10176, 10505, 11517, 11816, 12224, 13004, 15599, 15683, 16000]","[0, 116, 1315, 3501, 5215, 6004, 6983, 7231, 8328, 9373, 10505, 11517, 12224, 13004, 15673, 16000]",14.0,589.4638561410829
dirichlet__n_segments=20__n_observations=16000,484,kernseg_rbf,0.9909880064292196,0.0006875,0.00725,0.00725,"[116, 1315, 3501, 3684, 5215, 6004, 6983, 7231, 8328, 8425, 9373, 10176, 10505, 11517, 11816, 12224, 13004, 15599, 15683, 16000]","[0, 116, 1316, 3501, 3682, 5215, 6006, 6983, 7229, 8328, 8423, 9374, 10182, 10506, 11528, 11820, 12224, 13004, 15599, 15683, 16000]",19.0,43.43037466518581
dirichlet__n_segments=20__n_observations=22627,484,changeforest_bs,0.9845989588808852,8.838997657665621e-05,0.0111371370486586,0.0111371370486586,"[164, 1860, 4951, 5210, 7375, 8490, 9875, 10226, 11777, 11914, 13255, 14391, 14856, 16287, 16710, 17286, 18390, 22060, 22178, 22627]","[0, 164, 1860, 4953, 5209, 7375, 8490, 9875, 10226, 10478, 11777, 11914, 13255, 14391, 14856, 16287, 16710, 17286, 18390, 22060, 22178, 22627]",20.0,6.1249790629372
dirichlet__n_segments=20__n_observations=22627,484,changekNN_bs,0.9907937125366316,0.0006187298360365,0.0072479780792858,0.0072479780792858,"[164, 1860, 4951, 5210, 7375, 8490, 9875, 10226, 11777, 11914, 13255, 14391, 14856, 16287, 16710, 17286, 18390, 22060, 22178, 22627]","[0, 164, 1859, 4951, 5206, 7374, 8492, 9882, 10226, 11777, 11900, 13255, 14394, 14857, 16283, 16703, 17286, 18390, 22064, 22179, 22627]",19.0,77.94878750480711
dirichlet__n_segments=20__n_observations=22627,484,kernseg_rbf,0.9915192190933406,0.0002209749414416,0.0072479780792858,0.0072479780792858,"[164, 1860, 4951, 5210, 7375, 8490, 9875, 10226, 11777, 11914, 13255, 14391, 14856, 16287, 16710, 17286, 18390, 22060, 22178, 22627]","[0, 164, 1859, 4951, 5206, 7372, 8492, 9880, 10226, 11777, 11916, 13255, 14394, 14857, 16287, 16710, 17286, 18390, 22064, 22178, 22627]",19.0,87.88692602096125
dirichlet__n_segments=20__n_observations=32000,484,changeforest_bs,0.9879034811639408,0.00225,0.00725,0.00725,"[232, 2631, 7001, 7369, 10430, 12007, 13966, 14462, 16656, 16849, 18746, 20353, 21010, 23034, 23632, 24447, 26008, 31198, 31366, 32000]","[0, 232, 2631, 6912, 7073, 7369, 10430, 12007, 13966, 14462, 16656, 16849, 18746, 20353, 21009, 23034, 23632, 24447, 26008, 31198, 31366, 32000]",20.0,9.282532274257392
dirichlet__n_segments=20__n_observations=32000,484,changekNN_bs,0.9871036118697524,0.00215625,0.00725,0.00725,"[232, 2631, 7001, 7369, 10430, 12007, 13966, 14462, 16656, 16849, 18746, 20353, 21010, 23034, 23632, 24447, 26008, 31198, 31366, 32000]","[0, 232, 2631, 6999, 7365, 10433, 12003, 13965, 14461, 16716, 16878, 18747, 20353, 21008, 23103, 23632, 24448, 26007, 31204, 31364, 32000]",19.0,160.8538213162683
dirichlet__n_segments=20__n_observations=32000,484,kernseg_rbf,0.992020532534536,0.00015625,0.00725,0.00725,"[232, 2631, 7001, 7369, 10430, 12007, 13966, 14462, 16656, 16849, 18746, 20353, 21010, 23034, 23632, 24447, 26008, 31198, 31366, 32000]","[0, 232, 2634, 7000, 7367, 10431, 12007, 13965, 14461, 16656, 16852, 18741, 20352, 21008, 23034, 23632, 24448, 26007, 31198, 31363, 32000]",19.0,176.8580019613728
dirichlet__n_segments=20__n_observations=45254,484,changeforest_bs,0.977966141659806,0.0004640473770274,0.0072479780792858,0.0072479780792858,"[328, 3720, 9901, 10421, 14750, 16981, 19751, 20453, 23555, 23828, 26511, 28782, 29712, 32574, 33419, 34573, 36780, 44120, 44357, 45254]","[0, 328, 3720, 9694, 9922, 10421, 10701, 14750, 16981, 19751, 20453, 23555, 23828, 26511, 28782, 29712, 32574, 33419, 34573, 36780, 44120, 44357, 45254]",21.0,13.435422422830015
dirichlet__n_segments=20__n_observations=45254,484,kernseg_rbf,0.9920465310791904,0.0003977548945949,0.0072479780792858,0.0072479780792858,"[328, 3720, 9901, 10421, 14750, 16981, 19751, 20453, 23555, 23828, 26511, 28782, 29712, 32574, 33419, 34573, 36780, 44120, 44357, 45254]","[0, 328, 3718, 9900, 10429, 14751, 16981, 19751, 20452, 23554, 23829, 26511, 28764, 29719, 32574, 33419, 34573, 36780, 44120, 44357, 45254]",19.0,351.94324485911056
dirichlet__n_segments=20__n_observations=64000,484,changeforest_bs,0.9922965942862596,0.000265625,0.00725,0.00725,"[464, 5261, 14003, 14738, 20861, 24015, 27933, 28925, 33312, 33698, 37493, 40705, 42020, 46067, 47263, 48894, 52016, 62396, 62731, 64000]","[0, 464, 5261, 14002, 14435, 14755, 20861, 24015, 27933, 28925, 33312, 33698, 37493, 40705, 42020, 46067, 47263, 48894, 52016, 62396, 62731, 64000]",20.0,18.950931049417704
dirichlet__n_segments=20__n_observations=90509,484,changeforest_bs,0.9929976274220396,1.1048624998618924e-05,0.0072589466240926,0.0072589466240926,"[657, 7440, 19803, 20842, 29501, 33962, 39502, 40906, 47110, 47656, 53022, 57565, 59424, 65149, 66839, 69146, 73561, 88241, 88715, 90509]","[0, 657, 7441, 19803, 20842, 29501, 33962, 39502, 40906, 47110, 47656, 53022, 57565, 59423, 65149, 66839, 69146, 73560, 88241, 88715, 90509]",19.0,26.806143512018025
dirichlet__n_segments=20__n_observations=128000,484,changeforest_bs,0.987799885916384,0.000671875,0.0072578125,0.0072578125,"[929, 10522, 28005, 29475, 41721, 48030, 55865, 57850, 66624, 67397, 74985, 81410, 84039, 92135, 94526, 97788, 104032, 124792, 125463, 128000]","[0, 929, 10522, 28005, 29389, 30032, 41721, 48030, 55865, 57850, 66624, 67397, 74985, 81410, 84042, 92135, 94526, 97788, 104032, 124792, 125463, 128000]",20.0,39.772477857768536
dirichlet__n_segments=80__n_observations=250,484,changeforest_bs,0.0680951003721748,0.22,0.012,0.22,"[0, 6, 17, 17, 25, 28, 33, 34, 39, 40, 44, 48, 49, 54, 56, 58, 61, 74, 74, 75, 77, 79, 80, 83, 88, 91, 93, 97, 105, 105, 109, 110, 111, 116, 117, 119, 132, 136, 139, 147, 147, 149, 150, 153, 153, 155, 155, 160, 165, 168, 171, 175, 176, 177, 182, 185, 187, 192, 196, 198, 198, 206, 207, 208, 211, 218, 218, 223, 225, 229, 232, 233, 234, 235, 239, 241, 244, 245, 248, 250]","[0, 6, 19, 100, 211, 250]",4.0,0.0531610730104148
dirichlet__n_segments=80__n_observations=250,484,changekNN_bs,0.0,0.476,0.0,0.476,"[0, 6, 17, 17, 25, 28, 33, 34, 39, 40, 44, 48, 49, 54, 56, 58, 61, 74, 74, 75, 77, 79, 80, 83, 88, 91, 93, 97, 105, 105, 109, 110, 111, 116, 117, 119, 132, 136, 139, 147, 147, 149, 150, 153, 153, 155, 155, 160, 165, 168, 171, 175, 176, 177, 182, 185, 187, 192, 196, 198, 198, 206, 207, 208, 211, 218, 218, 223, 225, 229, 232, 233, 234, 235, 239, 241, 244, 245, 248, 250]","[0, 250]",0.0,0.0069789700210094
dirichlet__n_segments=80__n_observations=250,484,ecp,0.0,0.476,0.0,0.476,"[0, 6, 17, 17, 25, 28, 33, 34, 39, 40, 44, 48, 49, 54, 56, 58, 61, 74, 74, 75, 77, 79, 80, 83, 88, 91, 93, 97, 105, 105, 109, 110, 111, 116, 117, 119, 132, 136, 139, 147, 147, 149, 150, 153, 153, 155, 155, 160, 165, 168, 171, 175, 176, 177, 182, 185, 187, 192, 196, 198, 198, 206, 207, 208, 211, 218, 218, 223, 225, 229, 232, 233, 234, 235, 239, 241, 244, 245, 248, 250]","[0.0, 250.0]",0.0,0.2723351968452334
dirichlet__n_segments=80__n_observations=250,484,multirank,0.0043012415429968,0.464,0.004,0.464,"[0, 6, 17, 17, 25, 28, 33, 34, 39, 40, 44, 48, 49, 54, 56, 58, 61, 74, 74, 75, 77, 79, 80, 83, 88, 91, 93, 97, 105, 105, 109, 110, 111, 116, 117, 119, 132, 136, 139, 147, 147, 149, 150, 153, 153, 155, 155, 160, 165, 168, 171, 175, 176, 177, 182, 185, 187, 192, 196, 198, 198, 206, 207, 208, 211, 218, 218, 223, 225, 229, 232, 233, 234, 235, 239, 241, 244, 245, 248, 250]","[0, 16, 250]",1.0,0.4005624218843877
dirichlet__n_segments=80__n_observations=250,484,kernseg_rbf,0.0,0.476,0.0,0.476,"[0, 6, 17, 17, 25, 28, 33, 34, 39, 40, 44, 48, 49, 54, 56, 58, 61, 74, 74, 75, 77, 79, 80, 83, 88, 91, 93, 97, 105, 105, 109, 110, 111, 116, 117, 119, 132, 136, 139, 147, 147, 149, 150, 153, 153, 155, 155, 160, 165, 168, 171, 175, 176, 177, 182, 185, 187, 192, 196, 198, 198, 206, 207, 208, 211, 218, 218, 223, 225, 229, 232, 233, 234, 235, 239, 241, 244, 245, 248, 250]","[0, 250]",0.0,0.0444790287874639
dirichlet__n_segments=80__n_observations=353,484,changeforest_bs,0.6042039040839433,0.036827195467422,0.0113314447592068,0.036827195467422,"[1, 9, 23, 25, 35, 40, 47, 48, 56, 56, 62, 68, 70, 77, 79, 81, 86, 104, 104, 106, 109, 112, 113, 118, 125, 128, 131, 137, 148, 149, 154, 155, 157, 164, 165, 168, 187, 192, 196, 207, 208, 211, 212, 216, 217, 218, 219, 226, 233, 237, 242, 247, 249, 250, 256, 261, 264, 271, 277, 279, 280, 290, 293, 294, 298, 307, 308, 315, 318, 323, 328, 330, 330, 332, 337, 340, 345, 346, 351, 353]","[0, 9, 22, 48, 56, 59, 67, 76, 89, 104, 116, 124, 141, 148, 163, 169, 187, 193, 196, 211, 217, 223, 225, 233, 237, 250, 256, 261, 271, 279, 296, 307, 321, 331, 345, 353]",34.0,0.1653016740456223
dirichlet__n_segments=80__n_observations=353,484,changekNN_bs,0.0,0.4759206798866855,0.0028328611898017,0.4759206798866855,"[1, 9, 23, 25, 35, 40, 47, 48, 56, 56, 62, 68, 70, 77, 79, 81, 86, 104, 104, 106, 109, 112, 113, 118, 125, 128, 131, 137, 148, 149, 154, 155, 157, 164, 165, 168, 187, 192, 196, 207, 208, 211, 212, 216, 217, 218, 219, 226, 233, 237, 242, 247, 249, 250, 256, 261, 264, 271, 277, 279, 280, 290, 293, 294, 298, 307, 308, 315, 318, 323, 328, 330, 330, 332, 337, 340, 345, 346, 351, 353]","[0, 353]",0.0,0.0138579718768596
dirichlet__n_segments=80__n_observations=353,484,ecp,0.0,0.4759206798866855,0.0028328611898017,0.4759206798866855,"[1, 9, 23, 25, 35, 40, 47, 48, 56, 56, 62, 68, 70, 77, 79, 81, 86, 104, 104, 106, 109, 112, 113, 118, 125, 128, 131, 137, 148, 149, 154, 155, 157, 164, 165, 168, 187, 192, 196, 207, 208, 211, 212, 216, 217, 218, 219, 226, 233, 237, 242, 247, 249, 250, 256, 261, 264, 271, 277, 279, 280, 290, 293, 294, 298, 307, 308, 315, 318, 323, 328, 330, 330, 332, 337, 340, 345, 346, 351, 353]","[0.0, 353.0]",0.0,0.5553875770419836
dirichlet__n_segments=80__n_observations=353,484,multirank,0.0054536983712822,0.461756373937677,0.0028328611898017,0.461756373937677,"[1, 9, 23, 25, 35, 40, 47, 48, 56, 56, 62, 68, 70, 77, 79, 81, 86, 104, 104, 106, 109, 112, 113, 118, 125, 128, 131, 137, 148, 149, 154, 155, 157, 164, 165, 168, 187, 192, 196, 207, 208, 211, 212, 216, 217, 218, 219, 226, 233, 237, 242, 247, 249, 250, 256, 261, 264, 271, 277, 279, 280, 290, 293, 294, 298, 307, 308, 315, 318, 323, 328, 330, 330, 332, 337, 340, 345, 346, 351, 353]","[0, 24, 353]",1.0,0.6030343752354383
dirichlet__n_segments=80__n_observations=353,484,kernseg_rbf,0.0,0.4759206798866855,0.0028328611898017,0.4759206798866855,"[1, 9, 23, 25, 35, 40, 47, 48, 56, 56, 62, 68, 70, 77, 79, 81, 86, 104, 104, 106, 109, 112, 113, 118, 125, 128, 131, 137, 148, 149, 154, 155, 157, 164, 165, 168, 187, 192, 196, 207, 208, 211, 212, 216, 217, 218, 219, 226, 233, 237, 242, 247, 249, 250, 256, 261, 264, 271, 277, 279, 280, 290, 293, 294, 298, 307, 308, 315, 318, 323, 328, 330, 330, 332, 337, 340, 345, 346, 351, 353]","[0, 353]",0.0,0.0900281411595642
dirichlet__n_segments=80__n_observations=500,484,changeforest_bs,0.6922619207837354,0.03,0.018,0.03,"[1, 12, 33, 35, 49, 57, 66, 68, 79, 79, 88, 96, 99, 109, 111, 115, 122, 147, 148, 151, 154, 159, 160, 167, 176, 181, 185, 193, 209, 211, 218, 219, 222, 233, 233, 237, 265, 273, 278, 294, 295, 299, 301, 306, 307, 309, 310, 320, 330, 335, 342, 349, 353, 354, 363, 370, 374, 384, 392, 396, 397, 411, 415, 417, 423, 435, 437, 446, 450, 458, 464, 467, 468, 471, 477, 481, 488, 491, 497, 500]","[0, 13, 33, 49, 57, 68, 80, 88, 94, 97, 109, 117, 121, 147, 161, 167, 172, 180, 193, 209, 211, 218, 222, 232, 246, 267, 295, 325, 330, 351, 363, 370, 384, 390, 396, 411, 417, 423, 435, 445, 450, 458, 467, 491, 497, 500]",44.0,0.236544594168663
dirichlet__n_segments=80__n_observations=500,484,changekNN_bs,0.0,0.474,0.002,0.474,"[1, 12, 33, 35, 49, 57, 66, 68, 79, 79, 88, 96, 99, 109, 111, 115, 122, 147, 148, 151, 154, 159, 160, 167, 176, 181, 185, 193, 209, 211, 218, 219, 222, 233, 233, 237, 265, 273, 278, 294, 295, 299, 301, 306, 307, 309, 310, 320, 330, 335, 342, 349, 353, 354, 363, 370, 374, 384, 392, 396, 397, 411, 415, 417, 423, 435, 437, 446, 450, 458, 464, 467, 468, 471, 477, 481, 488, 491, 497, 500]","[0, 500]",0.0,0.0281241908669471
dirichlet__n_segments=80__n_observations=500,484,ecp,0.0,0.474,0.002,0.474,"[1, 12, 33, 35, 49, 57, 66, 68, 79, 79, 88, 96, 99, 109, 111, 115, 122, 147, 148, 151, 154, 159, 160, 167, 176, 181, 185, 193, 209, 211, 218, 219, 222, 233, 233, 237, 265, 273, 278, 294, 295, 299, 301, 306, 307, 309, 310, 320, 330, 335, 342, 349, 353, 354, 363, 370, 374, 384, 392, 396, 397, 411, 415, 417, 423, 435, 437, 446, 450, 458, 464, 467, 468, 471, 477, 481, 488, 491, 497, 500]","[0.0, 500.0]",0.0,1.0011862721294165
dirichlet__n_segments=80__n_observations=500,484,multirank,0.0055821098153786,0.464,0.002,0.464,"[1, 12, 33, 35, 49, 57, 66, 68, 79, 79, 88, 96, 99, 109, 111, 115, 122, 147, 148, 151, 154, 159, 160, 167, 176, 181, 185, 193, 209, 211, 218, 219, 222, 233, 233, 237, 265, 273, 278, 294, 295, 299, 301, 306, 307, 309, 310, 320, 330, 335, 342, 349, 353, 354, 363, 370, 374, 384, 392, 396, 397, 411, 415, 417, 423, 435, 437, 446, 450, 458, 464, 467, 468, 471, 477, 481, 488, 491, 497, 500]","[0, 33, 500]",1.0,1.0487959012389183
dirichlet__n_segments=80__n_observations=500,484,kernseg_rbf,0.0,0.474,0.002,0.474,"[1, 12, 33, 35, 49, 57, 66, 68, 79, 79, 88, 96, 99, 109, 111, 115, 122, 147, 148, 151, 154, 159, 160, 167, 176, 181, 185, 193, 209, 211, 218, 219, 222, 233, 233, 237, 265, 273, 278, 294, 295, 299, 301, 306, 307, 309, 310, 320, 330, 335, 342, 349, 353, 354, 363, 370, 374, 384, 392, 396, 397, 411, 415, 417, 423, 435, 437, 446, 450, 458, 464, 467, 468, 471, 477, 481, 488, 491, 497, 500]","[0, 500]",0.0,0.1834579915739596
dirichlet__n_segments=80__n_observations=707,484,changeforest_bs,0.8157721634867401,0.0127298444130127,0.0155586987270155,0.0155586987270155,"[1, 17, 47, 49, 70, 80, 93, 96, 111, 112, 125, 136, 140, 153, 157, 163, 173, 208, 209, 213, 217, 225, 226, 236, 249, 257, 262, 274, 296, 298, 308, 310, 314, 329, 330, 336, 375, 385, 393, 415, 417, 423, 426, 433, 434, 437, 439, 452, 467, 474, 484, 494, 499, 501, 513, 523, 529, 543, 554, 559, 561, 582, 586, 590, 598, 615, 618, 631, 636, 647, 656, 660, 662, 666, 675, 680, 690, 694, 703, 707]","[0, 18, 47, 70, 80, 87, 96, 111, 133, 140, 142, 147, 153, 163, 173, 208, 217, 225, 236, 248, 257, 261, 274, 285, 295, 308, 314, 330, 371, 394, 415, 434, 439, 444, 450, 464, 481, 494, 501, 513, 523, 529, 543, 554, 559, 582, 590, 599, 614, 634, 647, 661, 675, 680, 690, 694, 703, 707]",56.0,0.3509521498344838
dirichlet__n_segments=80__n_observations=707,484,changekNN_bs,0.0,0.4752475247524752,0.0014144271570014,0.4752475247524752,"[1, 17, 47, 49, 70, 80, 93, 96, 111, 112, 125, 136, 140, 153, 157, 163, 173, 208, 209, 213, 217, 225, 226, 236, 249, 257, 262, 274, 296, 298, 308, 310, 314, 329, 330, 336, 375, 385, 393, 415, 417, 423, 426, 433, 434, 437, 439, 452, 467, 474, 484, 494, 499, 501, 513, 523, 529, 543, 554, 559, 561, 582, 586, 590, 598, 615, 618, 631, 636, 647, 656, 660, 662, 666, 675, 680, 690, 694, 703, 707]","[0, 707]",0.0,0.0589688690379262
dirichlet__n_segments=80__n_observations=707,484,ecp,0.0,0.4752475247524752,0.0014144271570014,0.4752475247524752,"[1, 17, 47, 49, 70, 80, 93, 96, 111, 112, 125, 136, 140, 153, 157, 163, 173, 208, 209, 213, 217, 225, 226, 236, 249, 257, 262, 274, 296, 298, 308, 310, 314, 329, 330, 336, 375, 385, 393, 415, 417, 423, 426, 433, 434, 437, 439, 452, 467, 474, 484, 494, 499, 501, 513, 523, 529, 543, 554, 559, 561, 582, 586, 590, 598, 615, 618, 631, 636, 647, 656, 660, 662, 666, 675, 680, 690, 694, 703, 707]","[0.0, 707.0]",0.0,2.006450735963881
dirichlet__n_segments=80__n_observations=707,484,multirank,0.00573835591994,0.4639321074964639,0.0014144271570014,0.4639321074964639,"[1, 17, 47, 49, 70, 80, 93, 96, 111, 112, 125, 136, 140, 153, 157, 163, 173, 208, 209, 213, 217, 225, 226, 236, 249, 257, 262, 274, 296, 298, 308, 310, 314, 329, 330, 336, 375, 385, 393, 415, 417, 423, 426, 433, 434, 437, 439, 452, 467, 474, 484, 494, 499, 501, 513, 523, 529, 543, 554, 559, 561, 582, 586, 590, 598, 615, 618, 631, 636, 647, 656, 660, 662, 666, 675, 680, 690, 694, 703, 707]","[0, 47, 707]",1.0,1.982307936996221
dirichlet__n_segments=80__n_observations=707,484,kernseg_rbf,0.0,0.4752475247524752,0.0014144271570014,0.4752475247524752,"[1, 17, 47, 49, 70, 80, 93, 96, 111, 112, 125, 136, 140, 153, 157, 163, 173, 208, 209, 213, 217, 225, 226, 236, 249, 257, 262, 274, 296, 298, 308, 310, 314, 329, 330, 336, 375, 385, 393, 415, 417, 423, 426, 433, 434, 437, 439, 452, 467, 474, 484, 494, 499, 501, 513, 523, 529, 543, 554, 559, 561, 582, 586, 590, 598, 615, 618, 631, 636, 647, 656, 660, 662, 666, 675, 680, 690, 694, 703, 707]","[0, 707]",0.0,0.3690462512895465
dirichlet__n_segments=80__n_observations=1000,484,changeforest_bs,0.8775304487064909,0.013,0.01,0.013,"[2, 25, 66, 70, 99, 114, 132, 136, 157, 159, 177, 192, 198, 217, 222, 230, 245, 294, 296, 301, 307, 318, 320, 333, 353, 363, 370, 387, 418, 422, 435, 438, 444, 465, 467, 475, 530, 545, 556, 588, 589, 598, 602, 612, 614, 618, 620, 640, 660, 670, 685, 699, 706, 709, 726, 740, 748, 768, 784, 791, 793, 823, 829, 834, 845, 870, 874, 893, 900, 916, 928, 933, 936, 941, 954, 962, 976, 981, 994, 1000]","[0, 25, 66, 99, 114, 119, 133, 160, 177, 192, 198, 217, 222, 230, 246, 294, 309, 320, 326, 333, 353, 365, 370, 387, 420, 436, 444, 461, 467, 531, 545, 555, 588, 598, 612, 620, 641, 660, 672, 709, 726, 740, 747, 769, 784, 791, 823, 829, 834, 860, 872, 893, 899, 916, 927, 933, 936, 941, 955, 962, 976, 994, 1000]",61.0,0.4708419288508594
dirichlet__n_segments=80__n_observations=1000,484,changekNN_bs,0.0,0.475,0.002,0.475,"[2, 25, 66, 70, 99, 114, 132, 136, 157, 159, 177, 192, 198, 217, 222, 230, 245, 294, 296, 301, 307, 318, 320, 333, 353, 363, 370, 387, 418, 422, 435, 438, 444, 465, 467, 475, 530, 545, 556, 588, 589, 598, 602, 612, 614, 618, 620, 640, 660, 670, 685, 699, 706, 709, 726, 740, 748, 768, 784, 791, 793, 823, 829, 834, 845, 870, 874, 893, 900, 916, 928, 933, 936, 941, 954, 962, 976, 981, 994, 1000]","[0, 1000]",0.0,0.1172820040956139
dirichlet__n_segments=80__n_observations=1000,484,ecp,0.0,0.475,0.002,0.475,"[2, 25, 66, 70, 99, 114, 132, 136, 157, 159, 177, 192, 198, 217, 222, 230, 245, 294, 296, 301, 307, 318, 320, 333, 353, 363, 370, 387, 418, 422, 435, 438, 444, 465, 467, 475, 530, 545, 556, 588, 589, 598, 602, 612, 614, 618, 620, 640, 660, 670, 685, 699, 706, 709, 726, 740, 748, 768, 784, 791, 793, 823, 829, 834, 845, 870, 874, 893, 900, 916, 928, 933, 936, 941, 954, 962, 976, 981, 994, 1000]","[0.0, 1000.0]",0.0,3.936518032103777
dirichlet__n_segments=80__n_observations=1000,484,multirank,0.9808611274055428,0.003,0.003,0.003,"[2, 25, 66, 70, 99, 114, 132, 136, 157, 159, 177, 192, 198, 217, 222, 230, 245, 294, 296, 301, 307, 318, 320, 333, 353, 363, 370, 387, 418, 422, 435, 438, 444, 465, 467, 475, 530, 545, 556, 588, 589, 598, 602, 612, 614, 618, 620, 640, 660, 670, 685, 699, 706, 709, 726, 740, 748, 768, 784, 791, 793, 823, 829, 834, 845, 870, 874, 893, 900, 916, 928, 933, 936, 941, 954, 962, 976, 981, 994, 1000]","[0, 2, 25, 66, 70, 99, 114, 132, 136, 157, 159, 177, 192, 198, 217, 222, 230, 245, 295, 301, 304, 308, 318, 333, 353, 363, 370, 387, 418, 422, 435, 438, 444, 464, 467, 475, 530, 545, 556, 588, 598, 602, 612, 618, 620, 640, 660, 670, 685, 698, 705, 709, 726, 740, 745, 769, 784, 791, 793, 822, 829, 834, 845, 870, 874, 893, 900, 916, 927, 933, 936, 941, 954, 962, 976, 981, 994, 1000]",76.0,3.968616561032832
dirichlet__n_segments=80__n_observations=1000,484,kernseg_rbf,0.0,0.475,0.002,0.475,"[2, 25, 66, 70, 99, 114, 132, 136, 157, 159, 177, 192, 198, 217, 222, 230, 245, 294, 296, 301, 307, 318, 320, 333, 353, 363, 370, 387, 418, 422, 435, 438, 444, 465, 467, 475, 530, 545, 556, 588, 589, 598, 602, 612, 614, 618, 620, 640, 660, 670, 685, 699, 706, 709, 726, 740, 748, 768, 784, 791, 793, 823, 829, 834, 845, 870, 874, 893, 900, 916, 928, 933, 936, 941, 954, 962, 976, 981, 994, 1000]","[0, 1000]",0.0,0.7668759720399976
dirichlet__n_segments=80__n_observations=1414,484,changeforest_bs,0.9216523315315208,0.0084865629420084,0.0021216407355021,0.0084865629420084,"[3, 35, 94, 98, 139, 160, 187, 193, 222, 225, 250, 271, 280, 307, 315, 325, 346, 416, 418, 426, 435, 449, 452, 471, 499, 513, 524, 547, 592, 596, 616, 620, 628, 658, 660, 671, 749, 771, 786, 831, 833, 846, 851, 865, 868, 874, 877, 905, 934, 948, 968, 988, 998, 1002, 1027, 1046, 1057, 1086, 1108, 1119, 1122, 1163, 1173, 1179, 1195, 1231, 1235, 1262, 1273, 1295, 1312, 1320, 1323, 1331, 1349, 1361, 1381, 1388, 1405, 1414]","[0, 35, 94, 139, 161, 187, 193, 222, 250, 271, 307, 315, 325, 346, 416, 435, 452, 468, 499, 513, 524, 547, 592, 628, 663, 749, 771, 786, 832, 846, 851, 868, 878, 903, 933, 948, 968, 987, 1002, 1027, 1046, 1057, 1086, 1108, 1117, 1162, 1179, 1197, 1235, 1260, 1273, 1295, 1309, 1323, 1332, 1349, 1362, 1381, 1403, 1414]",58.0,0.6326663619838655
dirichlet__n_segments=80__n_observations=1414,484,changekNN_bs,0.0008538119316249,0.4702970297029702,0.0099009900990099,0.4702970297029702,"[3, 35, 94, 98, 139, 160, 187, 193, 222, 225, 250, 271, 280, 307, 315, 325, 346, 416, 418, 426, 435, 449, 452, 471, 499, 513, 524, 547, 592, 596, 616, 620, 628, 658, 660, 671, 749, 771, 786, 831, 833, 846, 851, 865, 868, 874, 877, 905, 934, 948, 968, 988, 998, 1002, 1027, 1046, 1057, 1086, 1108, 1119, 1122, 1163, 1173, 1179, 1195, 1231, 1235, 1262, 1273, 1295, 1312, 1320, 1323, 1331, 1349, 1361, 1381, 1388, 1405, 1414]","[0, 17, 22, 25, 30, 32, 43, 1414]",6.0,0.2692288029938936
dirichlet__n_segments=80__n_observations=1414,484,ecp,0.0,0.4745403111739745,0.0021216407355021,0.4745403111739745,"[3, 35, 94, 98, 139, 160, 187, 193, 222, 225, 250, 271, 280, 307, 315, 325, 346, 416, 418, 426, 435, 449, 452, 471, 499, 513, 524, 547, 592, 596, 616, 620, 628, 658, 660, 671, 749, 771, 786, 831, 833, 846, 851, 865, 868, 874, 877, 905, 934, 948, 968, 988, 998, 1002, 1027, 1046, 1057, 1086, 1108, 1119, 1122, 1163, 1173, 1179, 1195, 1231, 1235, 1262, 1273, 1295, 1312, 1320, 1323, 1331, 1349, 1361, 1381, 1388, 1405, 1414]","[0.0, 1414.0]",0.0,7.675164008047432
dirichlet__n_segments=80__n_observations=1414,484,multirank,0.9695808520411056,0.0077793493635077,0.0021216407355021,0.0077793493635077,"[3, 35, 94, 98, 139, 160, 187, 193, 222, 225, 250, 271, 280, 307, 315, 325, 346, 416, 418, 426, 435, 449, 452, 471, 499, 513, 524, 547, 592, 596, 616, 620, 628, 658, 660, 671, 749, 771, 786, 831, 833, 846, 851, 865, 868, 874, 877, 905, 934, 948, 968, 988, 998, 1002, 1027, 1046, 1057, 1086, 1108, 1119, 1122, 1163, 1173, 1179, 1195, 1231, 1235, 1262, 1273, 1295, 1312, 1320, 1323, 1331, 1349, 1361, 1381, 1388, 1405, 1414]","[0, 3, 35, 94, 139, 160, 187, 193, 222, 250, 271, 281, 307, 315, 325, 346, 416, 435, 449, 471, 499, 513, 524, 547, 592, 596, 616, 620, 628, 660, 671, 749, 771, 786, 831, 846, 851, 868, 874, 877, 905, 934, 948, 968, 987, 1002, 1027, 1046, 1057, 1086, 1108, 1122, 1163, 1173, 1179, 1197, 1231, 1235, 1262, 1273, 1295, 1323, 1332, 1349, 1362, 1381, 1405, 1414]",66.0,7.322564869187772
dirichlet__n_segments=80__n_observations=1414,484,kernseg_rbf,0.0,0.4745403111739745,0.0021216407355021,0.4745403111739745,"[3, 35, 94, 98, 139, 160, 187, 193, 222, 225, 250, 271, 280, 307, 315, 325, 346, 416, 418, 426, 435, 449, 452, 471, 499, 513, 524, 547, 592, 596, 616, 620, 628, 658, 660, 671, 749, 771, 786, 831, 833, 846, 851, 865, 868, 874, 877, 905, 934, 948, 968, 988, 998, 1002, 1027, 1046, 1057, 1086, 1108, 1119, 1122, 1163, 1173, 1179, 1195, 1231, 1235, 1262, 1273, 1295, 1312, 1320, 1323, 1331, 1349, 1361, 1381, 1388, 1405, 1414]","[0, 1414]",0.0,1.6111165811307728
dirichlet__n_segments=80__n_observations=2000,484,changeforest_bs,0.9455468970067338,0.0075,0.0035,0.0075,"[4, 49, 133, 139, 197, 227, 264, 273, 314, 318, 353, 384, 396, 434, 445, 460, 489, 588, 591, 603, 615, 636, 640, 667, 706, 726, 741, 774, 837, 843, 871, 877, 889, 931, 933, 949, 1060, 1090, 1112, 1175, 1179, 1196, 1204, 1224, 1227, 1236, 1241, 1279, 1321, 1341, 1370, 1398, 1411, 1418, 1453, 1480, 1495, 1536, 1567, 1582, 1586, 1646, 1659, 1668, 1691, 1741, 1747, 1786, 1800, 1832, 1856, 1867, 1872, 1883, 1909, 1925, 1953, 1963, 1988, 2000]","[0, 4, 49, 133, 197, 227, 264, 273, 313, 353, 384, 392, 434, 445, 460, 488, 590, 603, 615, 640, 667, 706, 721, 727, 741, 774, 831, 841, 866, 877, 881, 885, 933, 949, 1060, 1090, 1112, 1175, 1179, 1196, 1204, 1224, 1235, 1241, 1276, 1321, 1342, 1369, 1398, 1411, 1418, 1453, 1480, 1487, 1495, 1536, 1567, 1581, 1646, 1665, 1693, 1740, 1791, 1800, 1832, 1871, 1883, 1910, 1925, 1955, 1964, 1988, 2000]",71.0,0.8897822569124401
dirichlet__n_segments=80__n_observations=2000,484,changekNN_bs,0.0,0.4745,0.002,0.4745,"[4, 49, 133, 139, 197, 227, 264, 273, 314, 318, 353, 384, 396, 434, 445, 460, 489, 588, 591, 603, 615, 636, 640, 667, 706, 726, 741, 774, 837, 843, 871, 877, 889, 931, 933, 949, 1060, 1090, 1112, 1175, 1179, 1196, 1204, 1224, 1227, 1236, 1241, 1279, 1321, 1341, 1370, 1398, 1411, 1418, 1453, 1480, 1495, 1536, 1567, 1582, 1586, 1646, 1659, 1668, 1691, 1741, 1747, 1786, 1800, 1832, 1856, 1867, 1872, 1883, 1909, 1925, 1953, 1963, 1988, 2000]","[0, 2000]",0.0,0.4833002081140876
dirichlet__n_segments=80__n_observations=2000,484,ecp,0.036178522705861,0.3445,0.009,0.3445,"[4, 49, 133, 139, 197, 227, 264, 273, 314, 318, 353, 384, 396, 434, 445, 460, 489, 588, 591, 603, 615, 636, 640, 667, 706, 726, 741, 774, 837, 843, 871, 877, 889, 931, 933, 949, 1060, 1090, 1112, 1175, 1179, 1196, 1204, 1224, 1227, 1236, 1241, 1279, 1321, 1341, 1370, 1398, 1411, 1418, 1453, 1480, 1495, 1536, 1567, 1582, 1586, 1646, 1659, 1668, 1691, 1741, 1747, 1786, 1800, 1832, 1856, 1867, 1872, 1883, 1909, 1925, 1953, 1963, 1988, 2000]","[0.0, 296.0, 300.0, 488.0, 590.0, 2000.0]",4.0,54.6850789822638
dirichlet__n_segments=80__n_observations=2000,484,multirank,0.949931779152035,0.009,0.002,0.009,"[4, 49, 133, 139, 197, 227, 264, 273, 314, 318, 353, 384, 396, 434, 445, 460, 489, 588, 591, 603, 615, 636, 640, 667, 706, 726, 741, 774, 837, 843, 871, 877, 889, 931, 933, 949, 1060, 1090, 1112, 1175, 1179, 1196, 1204, 1224, 1227, 1236, 1241, 1279, 1321, 1341, 1370, 1398, 1411, 1418, 1453, 1480, 1495, 1536, 1567, 1582, 1586, 1646, 1659, 1668, 1691, 1741, 1747, 1786, 1800, 1832, 1856, 1867, 1872, 1883, 1909, 1925, 1953, 1963, 1988, 2000]","[0, 4, 49, 133, 197, 227, 264, 272, 315, 353, 396, 434, 460, 489, 590, 603, 640, 667, 706, 726, 774, 837, 889, 931, 949, 1060, 1090, 1112, 1175, 1179, 1196, 1204, 1227, 1236, 1241, 1279, 1321, 1341, 1370, 1398, 1414, 1453, 1480, 1495, 1536, 1567, 1585, 1646, 1659, 1668, 1691, 1741, 1747, 1786, 1800, 1832, 1871, 1883, 1909, 1925, 1954, 1988, 2000]",61.0,14.510647024959326
dirichlet__n_segments=80__n_observations=2000,484,kernseg_rbf,0.2824673567479613,0.137,0.0095,0.137,"[4, 49, 133, 139, 197, 227, 264, 273, 314, 318, 353, 384, 396, 434, 445, 460, 489, 588, 591, 603, 615, 636, 640, 667, 706, 726, 741, 774, 837, 843, 871, 877, 889, 931, 933, 949, 1060, 1090, 1112, 1175, 1179, 1196, 1204, 1224, 1227, 1236, 1241, 1279, 1321, 1341, 1370, 1398, 1411, 1418, 1453, 1480, 1495, 1536, 1567, 1582, 1586, 1646, 1659, 1668, 1691, 1741, 1747, 1786, 1800, 1832, 1856, 1867, 1872, 1883, 1909, 1925, 1953, 1963, 1988, 2000]","[0, 48, 133, 204, 276, 295, 302, 356, 445, 452, 488, 590, 663, 697, 776, 837, 841, 868, 949, 1065, 1067, 1176, 1179, 1739, 1800, 1834, 2000]",25.0,2.5427341549657285
dirichlet__n_segments=80__n_observations=2828,484,changeforest_bs,0.96105366320809,0.0031824611032531,0.0074257425742574,0.0074257425742574,"[5, 70, 188, 197, 279, 321, 373, 386, 445, 449, 500, 543, 560, 614, 629, 650, 692, 832, 836, 852, 870, 899, 905, 943, 998, 1026, 1048, 1094, 1183, 1192, 1232, 1239, 1257, 1316, 1320, 1343, 1498, 1541, 1572, 1662, 1667, 1691, 1702, 1731, 1735, 1748, 1755, 1809, 1867, 1896, 1936, 1976, 1996, 2004, 2054, 2092, 2114, 2171, 2216, 2238, 2243, 2327, 2345, 2358, 2390, 2461, 2471, 2525, 2545, 2590, 2625, 2640, 2646, 2662, 2699, 2722, 2761, 2775, 2810, 2828]","[0, 5, 70, 188, 282, 321, 373, 386, 445, 499, 543, 559, 615, 629, 650, 692, 833, 852, 859, 870, 899, 905, 943, 998, 1024, 1033, 1048, 1094, 1183, 1192, 1222, 1232, 1239, 1257, 1320, 1340, 1498, 1541, 1572, 1662, 1669, 1691, 1702, 1732, 1748, 1755, 1809, 1868, 1896, 1936, 1976, 1996, 2004, 2054, 2092, 2116, 2120, 2135, 2154, 2171, 2216, 2241, 2323, 2349, 2359, 2390, 2465, 2476, 2525, 2545, 2590, 2625, 2630, 2640, 2649, 2662, 2699, 2722, 2762, 2776, 2810, 2828]",80.0,1.2735300371423364
dirichlet__n_segments=80__n_observations=2828,484,changekNN_bs,0.0080374387426815,0.4204384724186704,0.012022630834512,0.4204384724186704,"[5, 70, 188, 197, 279, 321, 373, 386, 445, 449, 500, 543, 560, 614, 629, 650, 692, 832, 836, 852, 870, 899, 905, 943, 998, 1026, 1048, 1094, 1183, 1192, 1232, 1239, 1257, 1316, 1320, 1343, 1498, 1541, 1572, 1662, 1667, 1691, 1702, 1731, 1735, 1748, 1755, 1809, 1867, 1896, 1936, 1976, 1996, 2004, 2054, 2092, 2114, 2171, 2216, 2238, 2243, 2327, 2345, 2358, 2390, 2461, 2471, 2525, 2545, 2590, 2625, 2640, 2646, 2662, 2699, 2722, 2761, 2775, 2810, 2828]","[0, 75, 154, 2686, 2828]",3.0,1.044030916877091
dirichlet__n_segments=80__n_observations=2828,484,ecp,0.0743213739188008,0.2736916548797737,0.0017680339462517,0.2736916548797737,"[5, 70, 188, 197, 279, 321, 373, 386, 445, 449, 500, 543, 560, 614, 629, 650, 692, 832, 836, 852, 870, 899, 905, 943, 998, 1026, 1048, 1094, 1183, 1192, 1232, 1239, 1257, 1316, 1320, 1343, 1498, 1541, 1572, 1662, 1667, 1691, 1702, 1731, 1735, 1748, 1755, 1809, 1867, 1896, 1936, 1976, 1996, 2004, 2054, 2092, 2114, 2171, 2216, 2238, 2243, 2327, 2345, 2358, 2390, 2461, 2471, 2525, 2545, 2590, 2625, 2640, 2646, 2662, 2699, 2722, 2761, 2775, 2810, 2828]","[0.0, 191.0, 369.0, 500.0, 692.0, 833.0, 1232.0, 2828.0]",6.0,128.34488738002256
dirichlet__n_segments=80__n_observations=2828,484,multirank,0.9495026671131606,0.0088401697312588,0.0017680339462517,0.0088401697312588,"[5, 70, 188, 197, 279, 321, 373, 386, 445, 449, 500, 543, 560, 614, 629, 650, 692, 832, 836, 852, 870, 899, 905, 943, 998, 1026, 1048, 1094, 1183, 1192, 1232, 1239, 1257, 1316, 1320, 1343, 1498, 1541, 1572, 1662, 1667, 1691, 1702, 1731, 1735, 1748, 1755, 1809, 1867, 1896, 1936, 1976, 1996, 2004, 2054, 2092, 2114, 2171, 2216, 2238, 2243, 2327, 2345, 2358, 2390, 2461, 2471, 2525, 2545, 2590, 2625, 2640, 2646, 2662, 2699, 2722, 2761, 2775, 2810, 2828]","[0, 5, 70, 188, 279, 321, 373, 386, 445, 500, 543, 560, 614, 650, 692, 833, 852, 870, 899, 943, 998, 1026, 1094, 1183, 1257, 1320, 1343, 1498, 1541, 1572, 1662, 1691, 1702, 1731, 1755, 1809, 1867, 1896, 1936, 1976, 2004, 2054, 2092, 2112, 2171, 2216, 2238, 2327, 2345, 2358, 2389, 2467, 2525, 2545, 2590, 2646, 2699, 2722, 2761, 2810, 2828]",59.0,33.294945921283215
dirichlet__n_segments=80__n_observations=2828,484,kernseg_rbf,0.4004509360557104,0.0972418670438472,0.007072135785007,0.0972418670438472,"[5, 70, 188, 197, 279, 321, 373, 386, 445, 449, 500, 543, 560, 614, 629, 650, 692, 832, 836, 852, 870, 899, 905, 943, 998, 1026, 1048, 1094, 1183, 1192, 1232, 1239, 1257, 1316, 1320, 1343, 1498, 1541, 1572, 1662, 1667, 1691, 1702, 1731, 1735, 1748, 1755, 1809, 1867, 1896, 1936, 1976, 1996, 2004, 2054, 2092, 2114, 2171, 2216, 2238, 2243, 2327, 2345, 2358, 2390, 2461, 2471, 2525, 2545, 2590, 2625, 2640, 2646, 2662, 2699, 2722, 2761, 2775, 2810, 2828]","[0, 70, 189, 296, 301, 369, 450, 453, 516, 518, 614, 652, 692, 833, 943, 1003, 1026, 1094, 1184, 1346, 1493, 1662, 2251, 2317, 2321, 2490, 2541, 2590, 2613, 2697, 2762, 2828]",30.0,3.860603923909366
dirichlet__n_segments=80__n_observations=4000,484,changeforest_bs,0.9758615873621512,0.00175,0.0065,0.0065,"[8, 99, 265, 278, 395, 454, 528, 546, 629, 635, 707, 767, 792, 868, 890, 920, 979, 1177, 1182, 1205, 1230, 1271, 1280, 1333, 1412, 1452, 1482, 1548, 1673, 1686, 1742, 1753, 1777, 1861, 1866, 1899, 2119, 2180, 2224, 2350, 2358, 2392, 2408, 2448, 2454, 2473, 2482, 2559, 2641, 2682, 2739, 2795, 2823, 2835, 2905, 2960, 2990, 3071, 3134, 3165, 3173, 3291, 3317, 3336, 3381, 3481, 3495, 3571, 3600, 3663, 3713, 3734, 3743, 3765, 3817, 3850, 3905, 3925, 3975, 4000]","[0, 8, 99, 265, 283, 395, 428, 453, 528, 534, 546, 629, 638, 707, 767, 792, 817, 868, 890, 920, 979, 1178, 1205, 1230, 1271, 1280, 1333, 1412, 1452, 1482, 1548, 1673, 1683, 1690, 1742, 1753, 1776, 1859, 1866, 1899, 2118, 2179, 2224, 2350, 2358, 2392, 2408, 2454, 2473, 2482, 2559, 2641, 2682, 2735, 2795, 2823, 2835, 2905, 2959, 2990, 3071, 3134, 3162, 3169, 3291, 3317, 3337, 3381, 3483, 3497, 3569, 3581, 3600, 3663, 3706, 3737, 3743, 3766, 3817, 3850, 3905, 3925, 3975, 4000]",82.0,1.7804822139441967
dirichlet__n_segments=80__n_observations=4000,484,changekNN_bs,0.0462238887518916,0.3235,0.0095,0.3235,"[8, 99, 265, 278, 395, 454, 528, 546, 629, 635, 707, 767, 792, 868, 890, 920, 979, 1177, 1182, 1205, 1230, 1271, 1280, 1333, 1412, 1452, 1482, 1548, 1673, 1686, 1742, 1753, 1777, 1861, 1866, 1899, 2119, 2180, 2224, 2350, 2358, 2392, 2408, 2448, 2454, 2473, 2482, 2559, 2641, 2682, 2739, 2795, 2823, 2835, 2905, 2960, 2990, 3071, 3134, 3165, 3173, 3291, 3317, 3336, 3381, 3481, 3495, 3571, 3600, 3663, 3713, 3734, 3743, 3765, 3817, 3850, 3905, 3925, 3975, 4000]","[0, 92, 227, 400, 456, 506, 3155, 3297, 3501, 3580, 3588, 3593, 3660, 3714, 3829, 3878, 3904, 3986, 4000]",17.0,2.1121655348688364
dirichlet__n_segments=80__n_observations=4000,484,ecp,0.3125623649904566,0.1315,0.0065,0.1315,"[8, 99, 265, 278, 395, 454, 528, 546, 629, 635, 707, 767, 792, 868, 890, 920, 979, 1177, 1182, 1205, 1230, 1271, 1280, 1333, 1412, 1452, 1482, 1548, 1673, 1686, 1742, 1753, 1777, 1861, 1866, 1899, 2119, 2180, 2224, 2350, 2358, 2392, 2408, 2448, 2454, 2473, 2482, 2559, 2641, 2682, 2739, 2795, 2823, 2835, 2905, 2960, 2990, 3071, 3134, 3165, 3173, 3291, 3317, 3336, 3381, 3481, 3495, 3571, 3600, 3663, 3713, 3734, 3743, 3765, 3817, 3850, 3905, 3925, 3975, 4000]","[0.0, 8.0, 88.0, 268.0, 389.0, 456.0, 547.0, 628.0, 720.0, 766.0, 872.0, 983.0, 1176.0, 1411.0, 1547.0, 1685.0, 1898.0, 2113.0, 3167.0, 3336.0, 3486.0, 3748.0, 3857.0, 3876.0, 4000.0]",23.0,530.6041923700832
dirichlet__n_segments=80__n_observations=4000,484,multirank,0.9519900388615689,0.0085,0.002,0.0085,"[8, 99, 265, 278, 395, 454, 528, 546, 629, 635, 707, 767, 792, 868, 890, 920, 979, 1177, 1182, 1205, 1230, 1271, 1280, 1333, 1412, 1452, 1482, 1548, 1673, 1686, 1742, 1753, 1777, 1861, 1866, 1899, 2119, 2180, 2224, 2350, 2358, 2392, 2408, 2448, 2454, 2473, 2482, 2559, 2641, 2682, 2739, 2795, 2823, 2835, 2905, 2960, 2990, 3071, 3134, 3165, 3173, 3291, 3317, 3336, 3381, 3481, 3495, 3571, 3600, 3663, 3713, 3734, 3743, 3765, 3817, 3850, 3905, 3925, 3975, 4000]","[0, 8, 99, 265, 395, 454, 528, 546, 629, 707, 767, 792, 868, 920, 979, 1179, 1230, 1271, 1333, 1412, 1452, 1548, 1673, 1776, 1865, 1899, 2118, 2180, 2224, 2350, 2392, 2408, 2453, 2482, 2559, 2641, 2682, 2738, 2795, 2835, 2905, 2960, 2990, 3071, 3134, 3173, 3291, 3317, 3336, 3381, 3493, 3571, 3600, 3663, 3743, 3765, 3817, 3850, 3906, 3975, 4000]",59.0,73.37227767379954
dirichlet__n_segments=80__n_observations=4000,484,kernseg_rbf,0.7395499790940393,0.0305,0.00675,0.0305,"[8, 99, 265, 278, 395, 454, 528, 546, 629, 635, 707, 767, 792, 868, 890, 920, 979, 1177, 1182, 1205, 1230, 1271, 1280, 1333, 1412, 1452, 1482, 1548, 1673, 1686, 1742, 1753, 1777, 1861, 1866, 1899, 2119, 2180, 2224, 2350, 2358, 2392, 2408, 2448, 2454, 2473, 2482, 2559, 2641, 2682, 2739, 2795, 2823, 2835, 2905, 2960, 2990, 3071, 3134, 3165, 3173, 3291, 3317, 3336, 3381, 3481, 3495, 3571, 3600, 3663, 3713, 3734, 3743, 3765, 3817, 3850, 3905, 3925, 3975, 4000]","[0, 88, 269, 389, 456, 534, 546, 626, 720, 766, 780, 872, 921, 983, 1178, 1271, 1337, 1413, 1452, 1481, 1547, 1685, 1776, 1863, 2112, 2215, 2347, 2560, 2834, 2905, 2960, 3067, 3152, 3154, 3336, 3486, 3570, 3600, 3663, 3667, 3748, 3820, 3857, 3877, 3901, 3984, 4000]",45.0,6.802610680926591
dirichlet__n_segments=80__n_observations=5656,484,changeforest_bs,0.9828584851942974,0.0015912305516265,0.0022984441301272,0.0022984441301272,"[11, 140, 375, 393, 558, 642, 747, 772, 889, 898, 1000, 1085, 1119, 1227, 1258, 1301, 1384, 1664, 1672, 1704, 1739, 1798, 1810, 1885, 1996, 2053, 2095, 2188, 2366, 2384, 2463, 2479, 2513, 2632, 2639, 2685, 2997, 3083, 3144, 3324, 3334, 3382, 3405, 3462, 3470, 3496, 3509, 3618, 3734, 3792, 3873, 3952, 3991, 4009, 4108, 4185, 4228, 4343, 4432, 4475, 4486, 4654, 4691, 4717, 4781, 4923, 4942, 5050, 5090, 5180, 5250, 5280, 5293, 5324, 5398, 5444, 5522, 5551, 5621, 5656]","[0, 11, 140, 375, 394, 559, 642, 747, 756, 772, 889, 1002, 1085, 1119, 1227, 1258, 1301, 1383, 1665, 1673, 1702, 1739, 1798, 1810, 1885, 1996, 2053, 2095, 2188, 2366, 2384, 2463, 2479, 2513, 2636, 2652, 2688, 2999, 3083, 3146, 3324, 3334, 3381, 3406, 3470, 3496, 3507, 3618, 3734, 3792, 3873, 3952, 3991, 4009, 4108, 4185, 4227, 4343, 4432, 4470, 4482, 4654, 4691, 4717, 4779, 4926, 4942, 5050, 5090, 5180, 5249, 5280, 5291, 5324, 5398, 5438, 5453, 5522, 5550, 5621, 5656]",79.0,2.4005671869963408
dirichlet__n_segments=80__n_observations=5656,484,changekNN_bs,0.0393206338451452,0.3456506364922206,0.007072135785007,0.3456506364922206,"[11, 140, 375, 393, 558, 642, 747, 772, 889, 898, 1000, 1085, 1119, 1227, 1258, 1301, 1384, 1664, 1672, 1704, 1739, 1798, 1810, 1885, 1996, 2053, 2095, 2188, 2366, 2384, 2463, 2479, 2513, 2632, 2639, 2685, 2997, 3083, 3144, 3324, 3334, 3382, 3405, 3462, 3470, 3496, 3509, 3618, 3734, 3792, 3873, 3952, 3991, 4009, 4108, 4185, 4228, 4343, 4432, 4475, 4486, 4654, 4691, 4717, 4781, 4923, 4942, 5050, 5090, 5180, 5250, 5280, 5293, 5324, 5398, 5444, 5522, 5551, 5621, 5656]","[0, 142, 375, 605, 626, 748, 756, 769, 868, 1040, 1120, 1228, 1288, 1300, 1384, 1663, 5656]",15.0,4.253895550966263
dirichlet__n_segments=80__n_observations=5656,484,ecp,0.69492216431456,0.0281117397454031,0.0047736916548797,0.0281117397454031,"[11, 140, 375, 393, 558, 642, 747, 772, 889, 898, 1000, 1085, 1119, 1227, 1258, 1301, 1384, 1664, 1672, 1704, 1739, 1798, 1810, 1885, 1996, 2053, 2095, 2188, 2366, 2384, 2463, 2479, 2513, 2632, 2639, 2685, 2997, 3083, 3144, 3324, 3334, 3382, 3405, 3462, 3470, 3496, 3509, 3618, 3734, 3792, 3873, 3952, 3991, 4009, 4108, 4185, 4228, 4343, 4432, 4475, 4486, 4654, 4691, 4717, 4781, 4923, 4942, 5050, 5090, 5180, 5250, 5280, 5293, 5324, 5398, 5444, 5522, 5551, 5621, 5656]","[0.0, 11.0, 141.0, 375.0, 642.0, 772.0, 889.0, 1002.0, 1119.0, 1228.0, 1384.0, 1664.0, 1885.0, 1997.0, 2188.0, 2366.0, 2651.0, 2995.0, 3324.0, 3384.0, 3459.0, 3846.0, 3990.0, 4110.0, 4343.0, 4481.0, 4702.0, 4935.0, 5090.0, 5183.0, 5292.0, 5463.0, 5522.0, 5656.0]",32.0,1158.371439171955
dirichlet__n_segments=80__n_observations=5656,484,multirank,0.9298906028638804,0.0125530410183875,0.0019448373408769,0.0125530410183875,"[11, 140, 375, 393, 558, 642, 747, 772, 889, 898, 1000, 1085, 1119, 1227, 1258, 1301, 1384, 1664, 1672, 1704, 1739, 1798, 1810, 1885, 1996, 2053, 2095, 2188, 2366, 2384, 2463, 2479, 2513, 2632, 2639, 2685, 2997, 3083, 3144, 3324, 3334, 3382, 3405, 3462, 3470, 3496, 3509, 3618, 3734, 3792, 3873, 3952, 3991, 4009, 4108, 4185, 4228, 4343, 4432, 4475, 4486, 4654, 4691, 4717, 4781, 4923, 4942, 5050, 5090, 5180, 5250, 5280, 5293, 5324, 5398, 5444, 5522, 5551, 5621, 5656]","[0, 11, 140, 375, 559, 642, 747, 772, 889, 1000, 1085, 1119, 1227, 1301, 1384, 1664, 1810, 1885, 1996, 2053, 2188, 2366, 2513, 2636, 2689, 2997, 3083, 3144, 3334, 3382, 3405, 3470, 3509, 3618, 3734, 3792, 3873, 3952, 4009, 4108, 4185, 4228, 4343, 4432, 4486, 4654, 4691, 4717, 4940, 5050, 5090, 5180, 5293, 5324, 5398, 5444, 5522, 5621, 5656]",57.0,162.44335995893923
dirichlet__n_segments=80__n_observations=5656,484,kernseg_rbf,0.8582820836538221,0.0114922206506364,0.0033592644978783,0.0114922206506364,"[11, 140, 375, 393, 558, 642, 747, 772, 889, 898, 1000, 1085, 1119, 1227, 1258, 1301, 1384, 1664, 1672, 1704, 1739, 1798, 1810, 1885, 1996, 2053, 2095, 2188, 2366, 2384, 2463, 2479, 2513, 2632, 2639, 2685, 2997, 3083, 3144, 3324, 3334, 3382, 3405, 3462, 3470, 3496, 3509, 3618, 3734, 3792, 3873, 3952, 3991, 4009, 4108, 4185, 4228, 4343, 4432, 4475, 4486, 4654, 4691, 4717, 4781, 4923, 4942, 5050, 5090, 5180, 5250, 5280, 5293, 5324, 5398, 5444, 5522, 5551, 5621, 5656]","[0, 141, 375, 548, 642, 772, 889, 1002, 1120, 1228, 1259, 1298, 1384, 1664, 1735, 1809, 1885, 2007, 2052, 2188, 2366, 2506, 2651, 2995, 3087, 3325, 3382, 3407, 3459, 3501, 3607, 3734, 3795, 3881, 3949, 3990, 4110, 4185, 4343, 4481, 4654, 4689, 4717, 4935, 5050, 5089, 5183, 5293, 5463, 5522, 5656]",49.0,13.262795918155462
dirichlet__n_segments=80__n_observations=8000,484,changeforest_bs,0.9922510267361656,0.00075,0.002375,0.002375,"[16, 197, 531, 557, 789, 908, 1056, 1092, 1258, 1271, 1414, 1535, 1583, 1736, 1780, 1840, 1958, 2354, 2364, 2411, 2460, 2543, 2560, 2666, 2823, 2903, 2964, 3095, 3347, 3373, 3484, 3506, 3555, 3723, 3733, 3798, 4238, 4360, 4447, 4701, 4716, 4784, 4816, 4896, 4909, 4945, 4964, 5118, 5282, 5363, 5478, 5590, 5645, 5670, 5810, 5919, 5981, 6143, 6269, 6330, 6345, 6583, 6635, 6672, 6762, 6963, 6989, 7142, 7200, 7327, 7426, 7468, 7486, 7531, 7635, 7699, 7811, 7851, 7950, 8000]","[0, 16, 197, 531, 557, 789, 908, 1056, 1092, 1258, 1271, 1413, 1535, 1583, 1736, 1777, 1799, 1840, 1958, 2354, 2365, 2411, 2460, 2543, 2560, 2666, 2823, 2903, 2962, 3095, 3345, 3373, 3484, 3506, 3555, 3721, 3733, 3798, 4233, 4360, 4447, 4701, 4716, 4782, 4816, 4896, 4909, 4945, 4964, 5118, 5282, 5363, 5478, 5590, 5646, 5669, 5810, 5918, 5981, 6143, 6269, 6332, 6345, 6583, 6635, 6672, 6762, 6963, 6990, 7143, 7200, 7327, 7426, 7474, 7486, 7531, 7635, 7699, 7811, 7847, 7950, 8000]",80.0,3.32280790572986
dirichlet__n_segments=80__n_observations=8000,484,changekNN_bs,0.0409649043366648,0.3425,0.00375,0.3425,"[16, 197, 531, 557, 789, 908, 1056, 1092, 1258, 1271, 1414, 1535, 1583, 1736, 1780, 1840, 1958, 2354, 2364, 2411, 2460, 2543, 2560, 2666, 2823, 2903, 2964, 3095, 3347, 3373, 3484, 3506, 3555, 3723, 3733, 3798, 4238, 4360, 4447, 4701, 4716, 4784, 4816, 4896, 4909, 4945, 4964, 5118, 5282, 5363, 5478, 5590, 5645, 5670, 5810, 5919, 5981, 6143, 6269, 6330, 6345, 6583, 6635, 6672, 6762, 6963, 6989, 7142, 7200, 7327, 7426, 7468, 7486, 7531, 7635, 7699, 7811, 7851, 7950, 8000]","[0, 17, 198, 534, 544, 789, 909, 1058, 1090, 1263, 1412, 1534, 1582, 1764, 1836, 1928, 1940, 2378, 8000]",17.0,8.806731394026428
dirichlet__n_segments=80__n_observations=8000,484,ecp,0.837184473469766,0.016125,0.002625,0.016125,"[16, 197, 531, 557, 789, 908, 1056, 1092, 1258, 1271, 1414, 1535, 1583, 1736, 1780, 1840, 1958, 2354, 2364, 2411, 2460, 2543, 2560, 2666, 2823, 2903, 2964, 3095, 3347, 3373, 3484, 3506, 3555, 3723, 3733, 3798, 4238, 4360, 4447, 4701, 4716, 4784, 4816, 4896, 4909, 4945, 4964, 5118, 5282, 5363, 5478, 5590, 5645, 5670, 5810, 5919, 5981, 6143, 6269, 6330, 6345, 6583, 6635, 6672, 6762, 6963, 6989, 7142, 7200, 7327, 7426, 7468, 7486, 7531, 7635, 7699, 7811, 7851, 7950, 8000]","[0.0, 16.0, 196.0, 531.0, 789.0, 908.0, 1086.0, 1263.0, 1412.0, 1534.0, 1582.0, 1764.0, 1842.0, 1964.0, 2353.0, 2666.0, 2827.0, 3093.0, 3346.0, 3554.0, 3721.0, 3798.0, 4238.0, 4454.0, 4701.0, 4782.0, 4816.0, 4966.0, 5122.0, 5282.0, 5365.0, 5669.0, 5810.0, 5960.0, 6145.0, 6344.0, 6672.0, 6986.0, 7142.0, 7202.0, 7335.0, 7484.0, 7633.0, 7698.0, 7847.0, 7986.0, 8000.0]",45.0,3066.512920798268
dirichlet__n_segments=80__n_observations=8000,484,multirank,0.9328870453493882,0.0125,0.002,0.0125,"[16, 197, 531, 557, 789, 908, 1056, 1092, 1258, 1271, 1414, 1535, 1583, 1736, 1780, 1840, 1958, 2354, 2364, 2411, 2460, 2543, 2560, 2666, 2823, 2903, 2964, 3095, 3347, 3373, 3484, 3506, 3555, 3723, 3733, 3798, 4238, 4360, 4447, 4701, 4716, 4784, 4816, 4896, 4909, 4945, 4964, 5118, 5282, 5363, 5478, 5590, 5645, 5670, 5810, 5919, 5981, 6143, 6269, 6330, 6345, 6583, 6635, 6672, 6762, 6963, 6989, 7142, 7200, 7327, 7426, 7468, 7486, 7531, 7635, 7699, 7811, 7851, 7950, 8000]","[0, 16, 197, 531, 790, 908, 1056, 1092, 1258, 1414, 1535, 1583, 1736, 1840, 1958, 2354, 2560, 2666, 2823, 2903, 3095, 3347, 3555, 3733, 3798, 4238, 4360, 4447, 4701, 4784, 4816, 4909, 4964, 5119, 5282, 5363, 5478, 5589, 5667, 5810, 5919, 5981, 6143, 6269, 6344, 6583, 6635, 6672, 6989, 7142, 7200, 7327, 7485, 7531, 7635, 7699, 7812, 7950, 8000]",57.0,332.50732113281265
dirichlet__n_segments=80__n_observations=8000,484,kernseg_rbf,0.9132015684438184,0.012875,0.002625,0.012875,"[16, 197, 531, 557, 789, 908, 1056, 1092, 1258, 1271, 1414, 1535, 1583, 1736, 1780, 1840, 1958, 2354, 2364, 2411, 2460, 2543, 2560, 2666, 2823, 2903, 2964, 3095, 3347, 3373, 3484, 3506, 3555, 3723, 3733, 3798, 4238, 4360, 4447, 4701, 4716, 4784, 4816, 4896, 4909, 4945, 4964, 5118, 5282, 5363, 5478, 5590, 5645, 5670, 5810, 5919, 5981, 6143, 6269, 6330, 6345, 6583, 6635, 6672, 6762, 6963, 6989, 7142, 7200, 7327, 7426, 7468, 7486, 7531, 7635, 7699, 7811, 7851, 7950, 8000]","[0, 196, 537, 559, 789, 909, 1092, 1263, 1414, 1534, 1583, 1764, 1842, 1964, 2365, 2543, 2665, 2827, 2903, 2961, 3094, 3346, 3504, 3554, 3721, 3795, 4238, 4361, 4449, 4701, 4782, 4816, 4963, 5121, 5282, 5363, 5581, 5667, 5810, 5813, 5960, 6143, 6335, 6580, 6634, 6674, 6768, 6986, 7142, 7202, 7335, 7483, 7633, 7698, 7813, 7986, 8000]",55.0,26.622903767973185
dirichlet__n_segments=80__n_observations=11313,484,changeforest_bs,0.995001824657902,0.000618757182003,0.0019446654291523,0.0019446654291523,"[22, 279, 750, 787, 1116, 1284, 1493, 1544, 1779, 1797, 1999, 2171, 2239, 2455, 2517, 2602, 2768, 3328, 3343, 3409, 3478, 3596, 3620, 3771, 3992, 4106, 4191, 4377, 4733, 4769, 4927, 4958, 5027, 5265, 5279, 5371, 5994, 6166, 6289, 6648, 6668, 6765, 6810, 6924, 6941, 6993, 7019, 7237, 7469, 7584, 7747, 7906, 7983, 8019, 8217, 8370, 8457, 8686, 8865, 8951, 8973, 9309, 9382, 9434, 9562, 9846, 9884, 10100, 10182, 10361, 10501, 10560, 10587, 10649, 10796, 10888, 11045, 11102, 11243, 11313]","[0, 22, 279, 750, 790, 1116, 1284, 1493, 1544, 1779, 1798, 1999, 2171, 2239, 2455, 2517, 2602, 2768, 3325, 3341, 3409, 3478, 3596, 3620, 3771, 3992, 4106, 4191, 4377, 4733, 4769, 4929, 4958, 5027, 5258, 5278, 5372, 5994, 6166, 6289, 6648, 6668, 6765, 6810, 6923, 6941, 6993, 7019, 7238, 7469, 7584, 7747, 7906, 7983, 8019, 8217, 8370, 8454, 8686, 8865, 8951, 8973, 9309, 9382, 9434, 9562, 9846, 9884, 10100, 10182, 10361, 10501, 10560, 10587, 10649, 10796, 10888, 11045, 11102, 11243, 11313]",79.0,4.724561979062855
dirichlet__n_segments=80__n_observations=11313,484,changekNN_bs,0.0410237790357696,0.3436754176610978,0.0019446654291523,0.3436754176610978,"[22, 279, 750, 787, 1116, 1284, 1493, 1544, 1779, 1797, 1999, 2171, 2239, 2455, 2517, 2602, 2768, 3328, 3343, 3409, 3478, 3596, 3620, 3771, 3992, 4106, 4191, 4377, 4733, 4769, 4927, 4958, 5027, 5265, 5279, 5371, 5994, 6166, 6289, 6648, 6668, 6765, 6810, 6924, 6941, 6993, 7019, 7237, 7469, 7584, 7747, 7906, 7983, 8019, 8217, 8370, 8457, 8686, 8865, 8951, 8973, 9309, 9382, 9434, 9562, 9846, 9884, 10100, 10182, 10361, 10501, 10560, 10587, 10649, 10796, 10888, 11045, 11102, 11243, 11313]","[0, 22, 279, 750, 1129, 1282, 1485, 1530, 1783, 1998, 2188, 2240, 2465, 2526, 2602, 2768, 3349, 11313]",16.0,18.37638109317049
dirichlet__n_segments=80__n_observations=11313,484,multirank,0.9325588385093248,0.0113144170423406,0.0019446654291523,0.0113144170423406,"[22, 279, 750, 787, 1116, 1284, 1493, 1544, 1779, 1797, 1999, 2171, 2239, 2455, 2517, 2602, 2768, 3328, 3343, 3409, 3478, 3596, 3620, 3771, 3992, 4106, 4191, 4377, 4733, 4769, 4927, 4958, 5027, 5265, 5279, 5371, 5994, 6166, 6289, 6648, 6668, 6765, 6810, 6924, 6941, 6993, 7019, 7237, 7469, 7584, 7747, 7906, 7983, 8019, 8217, 8370, 8457, 8686, 8865, 8951, 8973, 9309, 9382, 9434, 9562, 9846, 9884, 10100, 10182, 10361, 10501, 10560, 10587, 10649, 10796, 10888, 11045, 11102, 11243, 11313]","[0, 22, 279, 750, 1116, 1284, 1493, 1544, 1780, 1999, 2239, 2455, 2602, 2768, 3343, 3409, 3620, 3771, 3993, 4106, 4377, 4733, 5027, 5276, 5372, 5994, 6166, 6289, 6648, 6765, 6810, 6941, 7019, 7236, 7469, 7584, 7747, 7906, 8019, 8217, 8370, 8456, 8686, 8865, 8973, 9309, 9382, 9434, 9884, 10100, 10182, 10361, 10587, 10649, 10796, 10888, 11045, 11243, 11313]",57.0,703.9302979041822
dirichlet__n_segments=80__n_observations=11313,484,kernseg_rbf,0.9623760590448532,0.0073366923008927,0.0019446654291523,0.0073366923008927,"[22, 279, 750, 787, 1116, 1284, 1493, 1544, 1779, 1797, 1999, 2171, 2239, 2455, 2517, 2602, 2768, 3328, 3343, 3409, 3478, 3596, 3620, 3771, 3992, 4106, 4191, 4377, 4733, 4769, 4927, 4958, 5027, 5265, 5279, 5371, 5994, 6166, 6289, 6648, 6668, 6765, 6810, 6924, 6941, 6993, 7019, 7237, 7469, 7584, 7747, 7906, 7983, 8019, 8217, 8370, 8457, 8686, 8865, 8951, 8973, 9309, 9382, 9434, 9562, 9846, 9884, 10100, 10182, 10361, 10501, 10560, 10587, 10649, 10796, 10888, 11045, 11102, 11243, 11313]","[0, 280, 750, 1125, 1284, 1493, 1545, 1783, 2001, 2167, 2239, 2455, 2525, 2602, 2768, 3342, 3411, 3474, 3595, 3775, 3990, 4107, 4191, 4377, 4730, 4769, 4958, 5030, 5266, 5377, 5993, 6160, 6289, 6652, 6765, 6801, 6943, 6992, 7026, 7233, 7467, 7583, 7748, 7906, 8010, 8217, 8374, 8686, 8862, 8958, 9309, 9378, 9434, 9562, 9845, 9885, 10102, 10182, 10361, 10502, 10567, 10649, 10795, 10885, 11047, 11102, 11243, 11313]",66.0,54.52886161301285
dirichlet__n_segments=80__n_observations=16000,484,changeforest_bs,0.9903765301744448,0.0005,0.0060625,0.0060625,"[31, 395, 1061, 1113, 1578, 1816, 2112, 2184, 2516, 2541, 2828, 3070, 3166, 3472, 3559, 3680, 3915, 4707, 4729, 4821, 4919, 5085, 5120, 5333, 5646, 5807, 5927, 6190, 6694, 6745, 6968, 7013, 7109, 7446, 7466, 7596, 8477, 8720, 8895, 9402, 9431, 9567, 9631, 9793, 9817, 9891, 9927, 10236, 10564, 10726, 10956, 11181, 11291, 11341, 11621, 11838, 11961, 12285, 12537, 12659, 12691, 13165, 13270, 13343, 13524, 13925, 13979, 14285, 14400, 14653, 14851, 14935, 14973, 15062, 15269, 15399, 15621, 15702, 15901, 16000]","[0, 31, 395, 1061, 1113, 1578, 1816, 2112, 2184, 2516, 2541, 2731, 2828, 3070, 3166, 3472, 3559, 3680, 3915, 4708, 4729, 4821, 4919, 5085, 5121, 5333, 5646, 5807, 5928, 6190, 6693, 6737, 6758, 6793, 6968, 7013, 7108, 7445, 7466, 7596, 8476, 8720, 8894, 9402, 9433, 9567, 9631, 9794, 9817, 9891, 9927, 10237, 10564, 10726, 10956, 11181, 11206, 11289, 11341, 11621, 11838, 11961, 12284, 12537, 12659, 12691, 13165, 13270, 13343, 13524, 13925, 13979, 14285, 14400, 14653, 14851, 14935, 14973, 15028, 15062, 15269, 15399, 15621, 15681, 15702, 15901, 16000]",85.0,6.849291771184653
dirichlet__n_segments=80__n_observations=16000,484,changekNN_bs,0.126596546104684,0.2348125,0.0030625,0.2348125,"[31, 395, 1061, 1113, 1578, 1816, 2112, 2184, 2516, 2541, 2828, 3070, 3166, 3472, 3559, 3680, 3915, 4707, 4729, 4821, 4919, 5085, 5120, 5333, 5646, 5807, 5927, 6190, 6694, 6745, 6968, 7013, 7109, 7446, 7466, 7596, 8477, 8720, 8895, 9402, 9431, 9567, 9631, 9793, 9817, 9891, 9927, 10236, 10564, 10726, 10956, 11181, 11291, 11341, 11621, 11838, 11961, 12285, 12537, 12659, 12691, 13165, 13270, 13343, 13524, 13925, 13979, 14285, 14400, 14653, 14851, 14935, 14973, 15062, 15269, 15399, 15621, 15702, 15901, 16000]","[0, 31, 395, 1061, 1579, 1814, 2113, 2178, 2535, 2824, 2844, 3084, 3166, 3472, 3680, 3906, 4720, 12334, 12539, 12666, 12690, 13168, 13269, 13294, 13329, 13523, 13923, 13980, 14286, 14402, 14423, 14650, 14865, 14948, 14973, 15043, 15276, 15412, 15438, 15623, 15696, 15913, 16000]",41.0,37.71300632506609
dirichlet__n_segments=80__n_observations=16000,484,multirank,0.9433195123463162,0.0125625,0.0019375,0.0125625,"[31, 395, 1061, 1113, 1578, 1816, 2112, 2184, 2516, 2541, 2828, 3070, 3166, 3472, 3559, 3680, 3915, 4707, 4729, 4821, 4919, 5085, 5120, 5333, 5646, 5807, 5927, 6190, 6694, 6745, 6968, 7013, 7109, 7446, 7466, 7596, 8477, 8720, 8895, 9402, 9431, 9567, 9631, 9793, 9817, 9891, 9927, 10236, 10564, 10726, 10956, 11181, 11291, 11341, 11621, 11838, 11961, 12285, 12537, 12659, 12691, 13165, 13270, 13343, 13524, 13925, 13979, 14285, 14400, 14653, 14851, 14935, 14973, 15062, 15269, 15399, 15621, 15702, 15901, 16000]","[0, 31, 395, 1061, 1578, 1816, 2112, 2184, 2516, 2828, 3166, 3472, 3680, 3915, 4707, 5120, 5333, 5646, 5807, 6190, 6694, 7109, 7467, 7596, 8477, 8720, 8895, 9405, 9567, 9631, 9812, 9927, 10237, 10564, 10726, 10956, 11181, 11341, 11621, 11838, 11961, 12285, 12537, 12691, 13165, 13270, 13343, 13524, 13979, 14285, 14400, 14653, 14973, 15062, 15269, 15399, 15621, 15901, 16000]",57.0,1384.3018187838609
dirichlet__n_segments=80__n_observations=16000,484,kernseg_rbf,0.9771369300012652,0.00325,0.0019375,0.00325,"[31, 395, 1061, 1113, 1578, 1816, 2112, 2184, 2516, 2541, 2828, 3070, 3166, 3472, 3559, 3680, 3915, 4707, 4729, 4821, 4919, 5085, 5120, 5333, 5646, 5807, 5927, 6190, 6694, 6745, 6968, 7013, 7109, 7446, 7466, 7596, 8477, 8720, 8895, 9402, 9431, 9567, 9631, 9793, 9817, 9891, 9927, 10236, 10564, 10726, 10956, 11181, 11291, 11341, 11621, 11838, 11961, 12285, 12537, 12659, 12691, 13165, 13270, 13343, 13524, 13925, 13979, 14285, 14400, 14653, 14851, 14935, 14973, 15062, 15269, 15399, 15621, 15702, 15901, 16000]","[0, 395, 1061, 1579, 1814, 2112, 2178, 2535, 2839, 3077, 3167, 3172, 3472, 3559, 3680, 3916, 4711, 4821, 4919, 5085, 5340, 5646, 5807, 5928, 6190, 6694, 6737, 6979, 7013, 7108, 7467, 7596, 8477, 8720, 8895, 9412, 9567, 9631, 9810, 9891, 9926, 10237, 10563, 10726, 10952, 11180, 11326, 11621, 11847, 11960, 12285, 12539, 12686, 13168, 13269, 13340, 13523, 13923, 13981, 14285, 14400, 14653, 14865, 14935, 14973, 15059, 15276, 15398, 15623, 15702, 15903, 16000]",70.0,113.17667320230976
dirichlet__n_segments=80__n_observations=22627,484,changeforest_bs,0.9949168067186034,0.0004419498828832,0.0030052592036063,0.0030052592036063,"[44, 558, 1501, 1574, 2232, 2568, 2987, 3088, 3558, 3594, 3999, 4341, 4477, 4910, 5034, 5204, 5537, 6657, 6687, 6818, 6957, 7191, 7241, 7542, 7985, 8212, 8382, 8754, 9466, 9539, 9854, 9917, 10054, 10530, 10558, 10742, 11988, 12332, 12579, 13296, 13338, 13530, 13620, 13849, 13883, 13987, 14039, 14476, 14940, 15169, 15494, 15812, 15967, 16038, 16434, 16742, 16916, 17374, 17730, 17903, 17947, 18618, 18766, 18870, 19126, 19693, 19769, 20201, 20364, 20722, 21002, 21121, 21174, 21300, 21594, 21777, 22092, 22205, 22486, 22627]","[0, 44, 558, 1501, 1574, 2232, 2567, 2988, 3087, 3559, 3594, 3999, 4341, 4478, 4910, 5033, 5204, 5539, 6657, 6687, 6818, 6957, 7191, 7241, 7542, 7985, 8212, 8382, 8754, 9464, 9529, 9854, 9917, 10055, 10525, 10557, 10740, 11988, 12332, 12579, 13296, 13338, 13530, 13620, 13849, 13883, 13987, 14033, 14476, 14940, 15169, 15495, 15812, 15967, 16038, 16434, 16742, 16916, 17374, 17730, 17903, 17947, 18618, 18766, 18870, 19126, 19693, 19770, 20201, 20364, 20722, 21002, 21091, 21121, 21174, 21300, 21594, 21775, 22092, 22202, 22486, 22559, 22627]",81.0,9.20826885290444
dirichlet__n_segments=80__n_observations=22627,484,changekNN_bs,0.962110438449886,0.0032262341450479,0.0060105184072126,0.0060105184072126,"[44, 558, 1501, 1574, 2232, 2568, 2987, 3088, 3558, 3594, 3999, 4341, 4477, 4910, 5034, 5204, 5537, 6657, 6687, 6818, 6957, 7191, 7241, 7542, 7985, 8212, 8382, 8754, 9466, 9539, 9854, 9917, 10054, 10530, 10558, 10742, 11988, 12332, 12579, 13296, 13338, 13530, 13620, 13849, 13883, 13987, 14039, 14476, 14940, 15169, 15494, 15812, 15967, 16038, 16434, 16742, 16916, 17374, 17730, 17903, 17947, 18618, 18766, 18870, 19126, 19693, 19769, 20201, 20364, 20722, 21002, 21121, 21174, 21300, 21594, 21777, 22092, 22205, 22486, 22627]","[0, 44, 78, 558, 1501, 2233, 2565, 2989, 3082, 3553, 3999, 4328, 4471, 4912, 5032, 5202, 5530, 6656, 6685, 6818, 6957, 7191, 7239, 7545, 7963, 8217, 8387, 8748, 9466, 9524, 9874, 9921, 10056, 10530, 10559, 10748, 11985, 12344, 12579, 13297, 13326, 13530, 13624, 13873, 13987, 14034, 14175, 14470, 14940, 15103, 15155, 15476, 15813, 15968, 16038, 16402, 16433, 16746, 16916, 17378, 17730, 17926, 18617, 18766, 18871, 19119, 19710, 19741, 20205, 20360, 20725, 21005, 21123, 21171, 21294, 21637, 21775, 22092, 22150, 22493, 22627]",79.0,79.48287702491507
dirichlet__n_segments=80__n_observations=22627,484,kernseg_rbf,0.9853982759190312,0.0033146241216246,0.0019445794846864,0.0033146241216246,"[44, 558, 1501, 1574, 2232, 2568, 2987, 3088, 3558, 3594, 3999, 4341, 4477, 4910, 5034, 5204, 5537, 6657, 6687, 6818, 6957, 7191, 7241, 7542, 7985, 8212, 8382, 8754, 9466, 9539, 9854, 9917, 10054, 10530, 10558, 10742, 11988, 12332, 12579, 13296, 13338, 13530, 13620, 13849, 13883, 13987, 14039, 14476, 14940, 15169, 15494, 15812, 15967, 16038, 16434, 16742, 16916, 17374, 17730, 17903, 17947, 18618, 18766, 18870, 19126, 19693, 19769, 20201, 20364, 20722, 21002, 21121, 21174, 21300, 21594, 21777, 22092, 22205, 22486, 22627]","[0, 559, 1499, 2233, 2567, 2988, 3086, 3557, 3998, 4342, 4477, 4910, 5032, 5203, 5537, 6662, 6818, 6957, 7153, 7177, 7239, 7542, 7978, 8212, 8388, 8754, 9466, 9538, 9854, 9921, 10056, 10540, 10744, 11987, 12332, 12579, 13297, 13338, 13532, 13619, 13883, 13987, 14041, 14470, 14940, 15169, 15494, 15813, 15968, 16038, 16434, 16747, 16916, 17374, 17730, 17903, 17951, 18617, 18766, 18870, 19118, 19685, 19769, 20201, 20362, 20721, 21002, 21121, 21173, 21294, 21595, 21775, 22090, 22203, 22486, 22627]",74.0,226.3776339739561
dirichlet__n_segments=80__n_observations=32000,484,changeforest_bs,0.9821282376887326,0.0001875,0.0121875,0.0121875,"[62, 789, 2122, 2226, 3157, 3632, 4224, 4368, 5032, 5082, 5656, 6140, 6332, 6945, 7119, 7360, 7830, 9415, 9457, 9643, 9839, 10170, 10240, 10666, 11292, 11613, 11855, 12380, 13387, 13491, 13936, 14025, 14219, 14892, 14932, 15191, 16954, 17441, 17790, 18804, 18862, 19134, 19262, 19585, 19634, 19782, 19854, 20472, 21128, 21452, 21912, 22362, 22581, 22682, 23242, 23677, 23923, 24570, 25075, 25319, 25381, 26331, 26539, 26686, 27048, 27851, 27958, 28569, 28800, 29307, 29703, 29871, 29945, 30123, 30539, 30798, 31243, 31403, 31801, 32000]","[0, 62, 789, 2122, 2226, 3157, 3632, 4224, 4368, 5032, 5082, 5656, 6140, 6332, 6945, 7119, 7360, 7437, 7831, 9415, 9457, 9643, 9839, 10170, 10240, 10665, 11292, 11613, 11855, 12380, 13387, 13491, 13936, 14025, 14219, 14891, 14932, 15191, 16954, 17441, 17790, 18804, 18862, 19134, 19262, 19585, 19634, 19782, 19855, 20472, 21128, 21452, 21911, 22363, 22581, 22682, 23242, 23677, 23923, 24570, 25075, 25325, 25381, 26330, 26539, 26687, 27048, 27461, 27851, 27959, 28333, 28569, 28800, 29307, 29703, 29871, 29945, 30123, 30539, 30798, 30909, 31243, 31397, 31801, 32000]",83.0,12.877103063743562
dirichlet__n_segments=80__n_observations=32000,484,changekNN_bs,0.7280522866857075,0.06171875,0.00225,0.06171875,"[62, 789, 2122, 2226, 3157, 3632, 4224, 4368, 5032, 5082, 5656, 6140, 6332, 6945, 7119, 7360, 7830, 9415, 9457, 9643, 9839, 10170, 10240, 10666, 11292, 11613, 11855, 12380, 13387, 13491, 13936, 14025, 14219, 14892, 14932, 15191, 16954, 17441, 17790, 18804, 18862, 19134, 19262, 19585, 19634, 19782, 19854, 20472, 21128, 21452, 21912, 22362, 22581, 22682, 23242, 23677, 23923, 24570, 25075, 25319, 25381, 26331, 26539, 26686, 27048, 27851, 27958, 28569, 28800, 29307, 29703, 29871, 29945, 30123, 30539, 30798, 31243, 31403, 31801, 32000]","[0, 62, 788, 2124, 2173, 3158, 3631, 4218, 4368, 5015, 5656, 6141, 6339, 6970, 7123, 7360, 7829, 9419, 9462, 9638, 9839, 10168, 10239, 10663, 11292, 11613, 11856, 12380, 13388, 13487, 13934, 14037, 14218, 14932, 15184, 16956, 17454, 17781, 18804, 18864, 19134, 19263, 19633, 19782, 19838, 23887, 24571, 25075, 25315, 25385, 26330, 26539, 26687, 27039, 27930, 28518, 28572, 28796, 29306, 29700, 29876, 29938, 30086, 30541, 30797, 31243, 31291, 31331, 31371, 31412, 31802, 32000]",70.0,161.1859151609242
dirichlet__n_segments=80__n_observations=32000,484,kernseg_rbf,0.9902577399712896,0.00178125,0.0019375,0.0019375,"[62, 789, 2122, 2226, 3157, 3632, 4224, 4368, 5032, 5082, 5656, 6140, 6332, 6945, 7119, 7360, 7830, 9415, 9457, 9643, 9839, 10170, 10240, 10666, 11292, 11613, 11855, 12380, 13387, 13491, 13936, 14025, 14219, 14892, 14932, 15191, 16954, 17441, 17790, 18804, 18862, 19134, 19262, 19585, 19634, 19782, 19854, 20472, 21128, 21452, 21912, 22362, 22581, 22682, 23242, 23677, 23923, 24570, 25075, 25319, 25381, 26331, 26539, 26686, 27048, 27851, 27958, 28569, 28800, 29307, 29703, 29871, 29945, 30123, 30539, 30798, 31243, 31403, 31801, 32000]","[0, 73, 789, 2124, 2216, 3157, 3633, 4224, 4368, 5030, 5656, 6140, 6339, 6947, 7119, 7360, 7829, 9419, 9644, 9839, 10170, 10239, 10666, 11292, 11613, 11856, 12380, 13387, 13491, 13934, 14022, 14218, 14892, 14932, 15191, 16955, 17448, 17793, 18806, 18865, 19134, 19264, 19633, 19782, 19855, 20467, 21128, 21452, 21911, 22359, 22582, 22682, 23242, 23677, 23925, 24568, 25075, 25315, 25381, 26330, 26539, 26687, 27049, 27854, 27959, 28572, 28794, 29306, 29700, 29888, 30122, 30544, 30797, 31243, 31405, 31802, 32000]",75.0,457.7116431440227
dirichlet__n_segments=80__n_observations=45254,484,changeforest_bs,0.9915332417636236,0.0002872674238741,0.0046404737702744,0.0046404737702744,"[88, 1116, 3001, 3148, 4464, 5136, 5974, 6177, 7116, 7187, 7998, 8682, 8955, 9821, 10068, 10409, 11074, 13314, 13374, 13637, 13914, 14383, 14481, 15084, 15970, 16423, 16765, 17508, 18932, 19079, 19708, 19834, 20108, 21059, 21116, 21483, 23976, 24665, 25158, 26592, 26675, 27060, 27241, 27697, 27767, 27975, 28078, 28951, 29879, 30337, 30988, 31623, 31934, 32076, 32868, 33483, 33831, 34747, 35460, 35805, 35894, 37237, 37531, 37739, 38252, 39386, 39537, 40402, 40728, 41445, 42005, 42243, 42348, 42600, 43187, 43554, 44183, 44410, 44973, 45254]","[0, 88, 1116, 3001, 3149, 4464, 5136, 5974, 6177, 7117, 7187, 7998, 8682, 8955, 9821, 10068, 10409, 11074, 13314, 13375, 13637, 13914, 14383, 14481, 15084, 15970, 16423, 16765, 17508, 18932, 19079, 19708, 19834, 20108, 21058, 21116, 21483, 23976, 24665, 25159, 26592, 26675, 27060, 27243, 27699, 27767, 27975, 28078, 28951, 29879, 30337, 30988, 31623, 31934, 32076, 32867, 33483, 33831, 34747, 35460, 35805, 35894, 37192, 37250, 37531, 37739, 38252, 38462, 39387, 39537, 40402, 40728, 41445, 42005, 42243, 42348, 42600, 43186, 43554, 44183, 44410, 44973, 45254]",81.0,18.326000284869224
dirichlet__n_segments=80__n_observations=45254,484,kernseg_rbf,0.9921900704577348,0.0013700446369381,0.0019445794846864,0.0019445794846864,"[88, 1116, 3001, 3148, 4464, 5136, 5974, 6177, 7116, 7187, 7998, 8682, 8955, 9821, 10068, 10409, 11074, 13314, 13374, 13637, 13914, 14383, 14481, 15084, 15970, 16423, 16765, 17508, 18932, 19079, 19708, 19834, 20108, 21059, 21116, 21483, 23976, 24665, 25158, 26592, 26675, 27060, 27241, 27697, 27767, 27975, 28078, 28951, 29879, 30337, 30988, 31623, 31934, 32076, 32868, 33483, 33831, 34747, 35460, 35805, 35894, 37237, 37531, 37739, 38252, 39386, 39537, 40402, 40728, 41445, 42005, 42243, 42348, 42600, 43187, 43554, 44183, 44410, 44973, 45254]","[0, 99, 1116, 3001, 3153, 4462, 5137, 5977, 6177, 7116, 7193, 7997, 8699, 8955, 9820, 10070, 10408, 11067, 13312, 13637, 13919, 14383, 14481, 15084, 15973, 16423, 16768, 17511, 18932, 19079, 19709, 19836, 20110, 21119, 21483, 23975, 24665, 25159, 26592, 26674, 27061, 27239, 27706, 27767, 27975, 28077, 28961, 29879, 30337, 30995, 31623, 31934, 32075, 32868, 33484, 33824, 34747, 35459, 35805, 35894, 37236, 37531, 37740, 38251, 39386, 39540, 40401, 40727, 41445, 42002, 42242, 42348, 42602, 43190, 43554, 44184, 44409, 44973, 45254]",77.0,924.6957459389232
dirichlet__n_segments=80__n_observations=64000,484,changeforest_bs,0.9947184263928464,0.0001875,0.00390625,0.00390625,"[124, 1579, 4245, 4452, 6314, 7264, 8449, 8735, 10064, 10164, 11311, 12279, 12664, 13889, 14238, 14720, 15661, 18830, 18914, 19286, 19678, 20341, 20480, 21332, 22585, 23226, 23709, 24761, 26775, 26982, 27872, 28050, 28437, 29783, 29864, 30383, 33908, 34882, 35580, 37608, 37725, 38269, 38525, 39171, 39269, 39563, 39709, 40944, 42256, 42904, 43824, 44723, 45163, 45363, 46483, 47353, 47845, 49141, 50150, 50637, 50763, 52662, 53078, 53372, 54097, 55702, 55915, 57138, 57599, 58613, 59405, 59741, 59890, 60246, 61077, 61596, 62486, 62807, 63602, 64000]","[0, 124, 1579, 4245, 4452, 6314, 7264, 8449, 8735, 10064, 10165, 11311, 12279, 12664, 13889, 14238, 14720, 15661, 18830, 18914, 19286, 19678, 20340, 20480, 21332, 22585, 23226, 23329, 23709, 24761, 26778, 26982, 27872, 28050, 28437, 29783, 29864, 30383, 33908, 34882, 35580, 37608, 37725, 38269, 38525, 39171, 39269, 39563, 39709, 40944, 42256, 42903, 43824, 44074, 44723, 44851, 45163, 45363, 46483, 47353, 47845, 49141, 50150, 50637, 50764, 52662, 53078, 53372, 54097, 55703, 55915, 57138, 57599, 58613, 59405, 59741, 59890, 60246, 61077, 61596, 62486, 62795, 63602, 64000]",82.0,25.93030987912789
dirichlet__n_segments=80__n_observations=90509,484,changeforest_bs,0.994613892935167,8.838899998895138e-05,0.0019445579997569,0.0019445579997569,"[176, 2233, 6003, 6296, 8929, 10273, 11948, 12353, 14232, 14374, 15996, 17365, 17910, 19642, 20135, 20818, 22147, 26629, 26749, 27274, 27828, 28766, 28962, 30168, 31940, 32847, 33530, 35017, 37865, 38157, 39416, 39669, 40216, 42119, 42233, 42967, 47952, 49330, 50317, 53185, 53351, 54120, 54482, 55395, 55534, 55951, 56156, 57903, 59759, 60675, 61976, 63248, 63869, 64153, 65737, 66967, 67663, 69495, 70922, 71611, 71789, 74474, 75063, 75479, 76504, 78773, 79075, 80805, 81457, 82891, 84011, 84486, 84697, 85200, 86375, 87109, 88367, 88821, 89947, 90509]","[0, 176, 2233, 6003, 6296, 8929, 10273, 11948, 12353, 14232, 14374, 15996, 17365, 17908, 19642, 20135, 20818, 22142, 22256, 26629, 26749, 27274, 27828, 28766, 28962, 30168, 31940, 32847, 33530, 35017, 37865, 38157, 39416, 39666, 40215, 42115, 42230, 42968, 47952, 49330, 50317, 53185, 53351, 54120, 54482, 55396, 55534, 55951, 56157, 57903, 59759, 60675, 61977, 63248, 63869, 64152, 65737, 66967, 67663, 69494, 70922, 71611, 71781, 74474, 75063, 75479, 76502, 78773, 79075, 80804, 81457, 82891, 84011, 84489, 84697, 85200, 86375, 87109, 88367, 88821, 89947, 90509]",80.0,36.7700030952692
dirichlet__n_segments=80__n_observations=128000,484,changeforest_bs,0.9914942130250276,2.34375e-05,0.002125,0.002125,"[249, 3158, 8489, 8904, 12628, 14528, 16897, 17470, 20128, 20329, 22622, 24558, 25329, 27778, 28476, 29441, 31321, 37659, 37829, 38571, 39356, 40681, 40959, 42664, 45170, 46453, 47418, 49521, 53550, 53963, 55743, 56101, 56875, 59566, 59727, 60765, 67815, 69763, 71159, 75215, 75450, 76538, 77050, 78341, 78537, 79127, 79418, 81888, 84513, 85808, 87648, 89446, 90326, 90727, 92967, 94706, 95691, 98282, 100299, 101274, 101526, 105323, 106157, 106745, 108194, 111403, 111830, 114277, 115198, 117226, 118810, 119482, 119780, 120492, 122154, 123192, 124971, 125613, 127205, 128000]","[0, 249, 3158, 8489, 8903, 12628, 14528, 16897, 17470, 20128, 20329, 22379, 22622, 24558, 25329, 27778, 28476, 29441, 31320, 37659, 37829, 38571, 39356, 40681, 40959, 42664, 45169, 46453, 47418, 49521, 53553, 53963, 55743, 56098, 56373, 56875, 59565, 59726, 59977, 60765, 67630, 67815, 69763, 71159, 75215, 75450, 76538, 77050, 78342, 78537, 79127, 79418, 81889, 84513, 85808, 87648, 89446, 90326, 90724, 92967, 94706, 95691, 98282, 100299, 101274, 101526, 105323, 106157, 106745, 108195, 111403, 111830, 114277, 115198, 117226, 118808, 119482, 119780, 120492, 122154, 123192, 124971, 125613, 127205, 128000]",83.0,53.848368742037565
dry-beans-noise__n_segments=20__n_observations=250,484,changeforest_bs,0.5588597333202666,0.144,0.004,0.144,"[0, 2, 21, 55, 58, 81, 94, 109, 113, 130, 132, 146, 159, 164, 180, 185, 191, 203, 244, 245, 250]","[0, 58, 133, 147, 159, 164, 180, 185, 203, 244, 250]",9.0,0.0571453599259257
dry-beans-noise__n_segments=20__n_observations=250,484,changekNN_bs,0.3737360551967477,0.188,0.004,0.188,"[0, 2, 21, 55, 58, 81, 94, 109, 113, 130, 132, 146, 159, 164, 180, 185, 191, 203, 244, 245, 250]","[0, 58, 81, 94, 147, 250]",4.0,0.0119402040727436
dry-beans-noise__n_segments=20__n_observations=250,484,ecp,0.7884579134393114,0.076,0.004,0.076,"[0, 2, 21, 55, 58, 81, 94, 109, 113, 130, 132, 146, 159, 164, 180, 185, 191, 203, 244, 245, 250]","[0.0, 2.0, 55.0, 58.0, 81.0, 94.0, 130.0, 132.0, 147.0, 164.0, 180.0, 185.0, 203.0, 244.0, 250.0]",13.0,1.6813127934001386
dry-beans-noise__n_segments=20__n_observations=250,484,multirank,0.447051538283192,0.012,0.08,0.08,"[0, 2, 21, 55, 58, 81, 94, 109, 113, 130, 132, 146, 159, 164, 180, 185, 191, 203, 244, 245, 250]","[0, 2, 5, 13, 22, 26, 34, 37, 45, 46, 58, 63, 72, 74, 81, 94, 110, 111, 112, 114, 126, 130, 132, 133, 135, 136, 146, 147, 149, 150, 151, 160, 161, 163, 179, 180, 181, 185, 187, 189, 191, 195, 198, 199, 202, 206, 214, 215, 217, 219, 220, 222, 223, 232, 241, 243, 250]",55.0,0.2161229331977665
dry-beans-noise__n_segments=20__n_observations=250,484,kernseg_rbf,0.0,0.48,0.0,0.48,"[0, 2, 21, 55, 58, 81, 94, 109, 113, 130, 132, 146, 159, 164, 180, 185, 191, 203, 244, 245, 250]","[0, 250]",0.0,0.0453208638355135
dry-beans-noise__n_segments=20__n_observations=353,484,changeforest_bs,0.9165573435404676,0.0453257790368272,0.0,0.0453257790368272,"[0, 3, 29, 77, 81, 115, 132, 154, 160, 184, 186, 207, 225, 232, 254, 261, 270, 287, 344, 346, 353]","[0, 29, 81, 115, 132, 154, 160, 184, 207, 225, 232, 270, 287, 346, 353]",13.0,0.0935615617781877
dry-beans-noise__n_segments=20__n_observations=353,484,changekNN_bs,0.7949859498231305,0.0453257790368272,0.0538243626062322,0.0538243626062322,"[0, 3, 29, 77, 81, 115, 132, 154, 160, 184, 186, 207, 225, 232, 254, 261, 270, 287, 344, 346, 353]","[0, 3, 30, 81, 115, 132, 154, 160, 184, 198, 232, 270, 287, 306, 346, 353]",14.0,0.0207694550044834
dry-beans-noise__n_segments=20__n_observations=353,484,ecp,0.8958142886893653,0.0481586402266288,0.0,0.0481586402266288,"[0, 3, 29, 77, 81, 115, 132, 154, 160, 184, 186, 207, 225, 232, 254, 261, 270, 287, 344, 346, 353]","[0.0, 3.0, 29.0, 81.0, 132.0, 154.0, 184.0, 207.0, 225.0, 232.0, 254.0, 261.0, 270.0, 287.0, 346.0, 353.0]",14.0,2.6609026822261512
dry-beans-noise__n_segments=20__n_observations=353,484,multirank,0.588603904502332,0.0453257790368272,0.065155807365439,0.065155807365439,"[0, 3, 29, 77, 81, 115, 132, 154, 160, 184, 186, 207, 225, 232, 254, 261, 270, 287, 344, 346, 353]","[0, 7, 22, 24, 25, 29, 49, 50, 51, 76, 81, 102, 104, 114, 121, 122, 124, 125, 132, 154, 160, 182, 186, 208, 225, 229, 232, 270, 286, 287, 300, 301, 302, 306, 321, 336, 337, 340, 346, 351, 353]",39.0,0.3826180770993233
dry-beans-noise__n_segments=20__n_observations=353,484,kernseg_rbf,0.0,0.4787535410764872,0.0,0.4787535410764872,"[0, 3, 29, 77, 81, 115, 132, 154, 160, 184, 186, 207, 225, 232, 254, 261, 270, 287, 344, 346, 353]","[0, 353]",0.0,0.0897867796011269
dry-beans-noise__n_segments=20__n_observations=500,484,changeforest_bs,0.614183304581011,0.128,0.02,0.128,"[0, 4, 41, 109, 115, 163, 188, 218, 226, 260, 263, 293, 318, 328, 360, 369, 382, 406, 487, 490, 500]","[0, 41, 173, 188, 218, 226, 263, 293, 406, 487, 490, 500]",10.0,0.1204962348565459
dry-beans-noise__n_segments=20__n_observations=500,484,changekNN_bs,0.373838207699729,0.21,0.0,0.21,"[0, 4, 41, 109, 115, 163, 188, 218, 226, 260, 263, 293, 318, 328, 360, 369, 382, 406, 487, 490, 500]","[0, 4, 41, 163, 188, 406, 487, 490, 500]",7.0,0.030659151263535
dry-beans-noise__n_segments=20__n_observations=500,484,ecp,0.7587700819217292,0.108,0.0,0.108,"[0, 4, 41, 109, 115, 163, 188, 218, 226, 260, 263, 293, 318, 328, 360, 369, 382, 406, 487, 490, 500]","[0.0, 4.0, 41.0, 163.0, 188.0, 218.0, 226.0, 263.0, 293.0, 360.0, 369.0, 406.0, 487.0, 490.0, 500.0]",13.0,5.575188084039837
dry-beans-noise__n_segments=20__n_observations=500,484,multirank,0.8093463989959128,0.016,0.076,0.076,"[0, 4, 41, 109, 115, 163, 188, 218, 226, 260, 263, 293, 318, 328, 360, 369, 382, 406, 487, 490, 500]","[0, 4, 26, 41, 109, 115, 122, 123, 125, 126, 133, 135, 139, 140, 163, 188, 226, 260, 263, 293, 317, 318, 328, 360, 369, 387, 406, 449, 487, 490, 500]",29.0,0.6666777930222452
dry-beans-noise__n_segments=20__n_observations=500,484,kernseg_rbf,0.0,0.48,0.0,0.48,"[0, 4, 41, 109, 115, 163, 188, 218, 226, 260, 263, 293, 318, 328, 360, 369, 382, 406, 487, 490, 500]","[0, 500]",0.0,0.1296626208350062
dry-beans-noise__n_segments=20__n_observations=707,484,changeforest_bs,0.977749521730434,0.0028288543140028,0.0254596888260254,0.0254596888260254,"[0, 5, 58, 155, 163, 230, 265, 309, 320, 368, 372, 414, 450, 464, 509, 522, 540, 575, 689, 693, 707]","[0, 5, 58, 153, 163, 230, 265, 309, 320, 368, 372, 414, 450, 464, 476, 482, 507, 522, 540, 575, 689, 693, 707]",21.0,0.2104803561232984
dry-beans-noise__n_segments=20__n_observations=707,484,changekNN_bs,0.7642430635444726,0.106082036775106,0.0028288543140028,0.106082036775106,"[0, 5, 58, 155, 163, 230, 265, 309, 320, 368, 372, 414, 450, 464, 509, 522, 540, 575, 689, 693, 707]","[0, 5, 58, 230, 265, 368, 414, 450, 464, 507, 522, 540, 575, 689, 693, 707]",14.0,0.0622277320362627
dry-beans-noise__n_segments=20__n_observations=707,484,ecp,1.0,0.0,0.0,0.0,"[0, 5, 58, 155, 163, 230, 265, 309, 320, 368, 372, 414, 450, 464, 509, 522, 540, 575, 689, 693, 707]","[0.0, 5.0, 58.0, 155.0, 163.0, 230.0, 265.0, 309.0, 320.0, 368.0, 372.0, 414.0, 450.0, 464.0, 509.0, 522.0, 540.0, 575.0, 689.0, 693.0, 707.0]",19.0,11.695355795323849
dry-beans-noise__n_segments=20__n_observations=707,484,multirank,0.772866044595731,0.0452616690240452,0.0678925035360678,0.0678925035360678,"[0, 5, 58, 155, 163, 230, 265, 309, 320, 368, 372, 414, 450, 464, 509, 522, 540, 575, 689, 693, 707]","[0, 5, 58, 130, 131, 218, 220, 230, 265, 309, 320, 363, 367, 368, 372, 414, 450, 464, 509, 521, 540, 575, 641, 642, 689, 707]",24.0,1.1809986378066242
dry-beans-noise__n_segments=20__n_observations=707,484,kernseg_rbf,0.0,0.4794908062234795,0.0,0.4794908062234795,"[0, 5, 58, 155, 163, 230, 265, 309, 320, 368, 372, 414, 450, 464, 509, 522, 540, 575, 689, 693, 707]","[0, 707]",0.0,0.1627262150868773
dry-beans-noise__n_segments=20__n_observations=1000,484,changeforest_bs,0.9765879816667804,0.003,0.018,0.018,"[0, 7, 82, 219, 230, 326, 375, 436, 452, 521, 527, 586, 636, 657, 720, 738, 764, 813, 975, 980, 1000]","[0, 7, 82, 219, 230, 326, 375, 436, 452, 470, 521, 526, 539, 583, 636, 657, 720, 738, 764, 813, 975, 980, 1000]",21.0,0.2696028468199074
dry-beans-noise__n_segments=20__n_observations=1000,484,changekNN_bs,0.9902691558594476,0.006,0.003,0.006,"[0, 7, 82, 219, 230, 326, 375, 436, 452, 521, 527, 586, 636, 657, 720, 738, 764, 813, 975, 980, 1000]","[0, 7, 82, 219, 230, 326, 375, 436, 452, 521, 584, 633, 657, 720, 738, 764, 813, 975, 980, 1000]",18.0,0.124355596024543
dry-beans-noise__n_segments=20__n_observations=1000,484,ecp,0.9805366990173288,0.021,0.001,0.021,"[0, 7, 82, 219, 230, 326, 375, 436, 452, 521, 527, 586, 636, 657, 720, 738, 764, 813, 975, 980, 1000]","[0.0, 7.0, 82.0, 219.0, 230.0, 326.0, 375.0, 436.0, 452.0, 521.0, 585.0, 657.0, 720.0, 738.0, 764.0, 813.0, 975.0, 980.0, 1000.0]",17.0,18.81294524203986
dry-beans-noise__n_segments=20__n_observations=1000,484,multirank,0.9618723041080628,0.016,0.003,0.016,"[0, 7, 82, 219, 230, 326, 375, 436, 452, 521, 527, 586, 636, 657, 720, 738, 764, 813, 975, 980, 1000]","[0, 82, 219, 230, 326, 372, 452, 521, 586, 636, 657, 720, 738, 764, 813, 980, 1000]",15.0,2.110323480796069
dry-beans-noise__n_segments=20__n_observations=1000,484,kernseg_rbf,0.0,0.479,0.0,0.479,"[0, 7, 82, 219, 230, 326, 375, 436, 452, 521, 527, 586, 636, 657, 720, 738, 764, 813, 975, 980, 1000]","[0, 1000]",0.0,0.235057835932821
dry-beans-noise__n_segments=20__n_observations=1414,484,changeforest_bs,0.905913287424775,0.0636492220650636,0.0219236209335219,0.0636492220650636,"[0, 10, 116, 309, 326, 461, 531, 617, 639, 736, 745, 828, 899, 928, 1018, 1044, 1080, 1149, 1379, 1386, 1414]","[0, 10, 116, 309, 326, 461, 531, 617, 638, 670, 712, 736, 745, 828, 1018, 1044, 1079, 1149, 1383, 1414]",18.0,0.3959554187022149
dry-beans-noise__n_segments=20__n_observations=1414,484,changekNN_bs,0.9082571925557054,0.0636492220650636,0.0077793493635077,0.0636492220650636,"[0, 10, 116, 309, 326, 461, 531, 617, 639, 736, 745, 828, 899, 928, 1018, 1044, 1080, 1149, 1379, 1386, 1414]","[0, 10, 116, 309, 326, 461, 531, 617, 638, 736, 828, 1018, 1044, 1055, 1149, 1385, 1414]",15.0,0.2410157946869731
dry-beans-noise__n_segments=20__n_observations=1414,484,ecp,0.9055914609255636,0.0636492220650636,0.0014144271570014,0.0636492220650636,"[0, 10, 116, 309, 326, 461, 531, 617, 639, 736, 745, 828, 899, 928, 1018, 1044, 1080, 1149, 1379, 1386, 1414]","[0.0, 10.0, 116.0, 309.0, 326.0, 461.0, 531.0, 617.0, 638.0, 738.0, 828.0, 1018.0, 1044.0, 1149.0, 1385.0, 1414.0]",14.0,40.59766706032679
dry-beans-noise__n_segments=20__n_observations=1414,484,multirank,0.8933122962911125,0.0636492220650636,0.0233380480905233,0.0636492220650636,"[0, 10, 116, 309, 326, 461, 531, 617, 639, 736, 745, 828, 899, 928, 1018, 1044, 1080, 1149, 1379, 1386, 1414]","[0, 116, 309, 326, 428, 429, 461, 531, 618, 637, 736, 745, 828, 1018, 1044, 1080, 1149, 1386, 1414]",17.0,3.901249575894326
dry-beans-noise__n_segments=20__n_observations=1414,484,kernseg_rbf,0.0,0.4794908062234795,0.0,0.4794908062234795,"[0, 10, 116, 309, 326, 461, 531, 617, 639, 736, 745, 828, 899, 928, 1018, 1044, 1080, 1149, 1379, 1386, 1414]","[0, 1414]",0.0,0.3804269251413643
dry-beans-noise__n_segments=20__n_observations=2000,484,changeforest_bs,0.9488159461753616,0.025,0.0,0.025,"[0, 15, 164, 438, 461, 652, 750, 873, 904, 1041, 1053, 1172, 1272, 1313, 1440, 1477, 1528, 1626, 1950, 1960, 2000]","[0, 15, 164, 438, 461, 652, 750, 873, 904, 1041, 1053, 1172, 1272, 1313, 1440, 1477, 1528, 1626, 2000]",17.0,0.5235374253243208
dry-beans-noise__n_segments=20__n_observations=2000,484,changekNN_bs,0.9282090732802982,0.025,0.0085,0.025,"[0, 15, 164, 438, 461, 652, 750, 873, 904, 1041, 1053, 1172, 1272, 1313, 1440, 1477, 1528, 1626, 1950, 1960, 2000]","[0, 15, 162, 436, 461, 669, 752, 873, 902, 1041, 1053, 1172, 1272, 1313, 1440, 1477, 1528, 1626, 2000]",17.0,0.4797716168686747
dry-beans-noise__n_segments=20__n_observations=2000,484,ecp,0.9326349848637072,0.025,0.0085,0.025,"[0, 15, 164, 438, 461, 652, 750, 873, 904, 1041, 1053, 1172, 1272, 1313, 1440, 1477, 1528, 1626, 1950, 1960, 2000]","[0.0, 15.0, 164.0, 438.0, 461.0, 669.0, 752.0, 873.0, 902.0, 1041.0, 1053.0, 1172.0, 1272.0, 1313.0, 1440.0, 1477.0, 1528.0, 1626.0, 2000.0]",17.0,84.50547540700063
dry-beans-noise__n_segments=20__n_observations=2000,484,multirank,0.9075104860097114,0.025,0.011,0.025,"[0, 15, 164, 438, 461, 652, 750, 873, 904, 1041, 1053, 1172, 1272, 1313, 1440, 1477, 1528, 1626, 1950, 1960, 2000]","[0, 15, 166, 438, 652, 750, 873, 1041, 1172, 1250, 1251, 1272, 1293, 1294, 1313, 1440, 1477, 1528, 1624, 2000]",18.0,7.651354917325079
dry-beans-noise__n_segments=20__n_observations=2000,484,kernseg_rbf,0.0,0.4795,0.0,0.4795,"[0, 15, 164, 438, 461, 652, 750, 873, 904, 1041, 1053, 1172, 1272, 1313, 1440, 1477, 1528, 1626, 1950, 1960, 2000]","[0, 2000]",0.0,0.6692098169587553
dry-beans-noise__n_segments=20__n_observations=2828,484,changeforest_bs,0.9909004235830324,0.0007072135785007,0.012022630834512,0.012022630834512,"[0, 21, 232, 619, 651, 922, 1061, 1234, 1278, 1472, 1489, 1657, 1799, 1857, 2036, 2088, 2161, 2298, 2757, 2772, 2828]","[0, 21, 232, 619, 651, 922, 1061, 1234, 1278, 1472, 1489, 1523, 1657, 1799, 1857, 2036, 2088, 2161, 2298, 2759, 2774, 2828]",20.0,0.7086318228393793
dry-beans-noise__n_segments=20__n_observations=2828,484,changekNN_bs,0.9705475875691868,0.0049504950495049,0.0045968882602545,0.0049504950495049,"[0, 21, 232, 619, 651, 922, 1061, 1234, 1278, 1472, 1489, 1657, 1799, 1857, 2036, 2088, 2161, 2298, 2757, 2772, 2828]","[0, 21, 232, 620, 650, 922, 1060, 1234, 1278, 1485, 1656, 1799, 1857, 2036, 2088, 2161, 2311, 2771, 2828]",17.0,0.9549559741280972
dry-beans-noise__n_segments=20__n_observations=2828,484,ecp,0.9835799414756944,0.006011315417256,0.0003536067892503,0.006011315417256,"[0, 21, 232, 619, 651, 922, 1061, 1234, 1278, 1472, 1489, 1657, 1799, 1857, 2036, 2088, 2161, 2298, 2757, 2772, 2828]","[0.0, 21.0, 232.0, 619.0, 650.0, 922.0, 1060.0, 1234.0, 1278.0, 1472.0, 1657.0, 1799.0, 1857.0, 2036.0, 2088.0, 2161.0, 2298.0, 2772.0, 2828.0]",17.0,164.88781335391104
dry-beans-noise__n_segments=20__n_observations=2828,484,multirank,0.9864159582909632,0.0074257425742574,0.0007072135785007,0.0074257425742574,"[0, 21, 232, 619, 651, 922, 1061, 1234, 1278, 1472, 1489, 1657, 1799, 1857, 2036, 2088, 2161, 2298, 2757, 2772, 2828]","[0, 232, 619, 651, 922, 1061, 1234, 1278, 1472, 1657, 1799, 1857, 2036, 2088, 2163, 2298, 2757, 2828]",16.0,15.804658110253513
dry-beans-noise__n_segments=20__n_observations=2828,484,kernseg_rbf,0.0,0.4794908062234795,0.0,0.4794908062234795,"[0, 21, 232, 619, 651, 922, 1061, 1234, 1278, 1472, 1489, 1657, 1799, 1857, 2036, 2088, 2161, 2298, 2757, 2772, 2828]","[0, 2828]",0.0,1.28987770806998
dry-beans-noise__n_segments=20__n_observations=4000,484,changeforest_bs,1.0,0.0,0.0,0.0,"[0, 29, 329, 875, 921, 1304, 1501, 1746, 1808, 2082, 2106, 2343, 2544, 2626, 2879, 2954, 3056, 3251, 3900, 3921, 4000]","[0, 29, 329, 875, 921, 1304, 1501, 1746, 1808, 2082, 2106, 2343, 2544, 2626, 2879, 2954, 3056, 3251, 3900, 3921, 4000]",19.0,0.9491857490502298
dry-beans-noise__n_segments=20__n_observations=4000,484,changekNN_bs,0.9962766251089722,0.0015,0.0015,0.0015,"[0, 29, 329, 875, 921, 1304, 1501, 1746, 1808, 2082, 2106, 2343, 2544, 2626, 2879, 2954, 3056, 3251, 3900, 3921, 4000]","[0, 29, 329, 875, 921, 1304, 1501, 1746, 1808, 2082, 2104, 2343, 2544, 2626, 2873, 2954, 3056, 3251, 3903, 3923, 4000]",19.0,1.962159825023264
dry-beans-noise__n_segments=20__n_observations=4000,484,ecp,0.9870014701835071,0.006,0.01375,0.01375,"[0, 29, 329, 875, 921, 1304, 1501, 1746, 1808, 2082, 2106, 2343, 2544, 2626, 2879, 2954, 3056, 3251, 3900, 3921, 4000]","[0.0, 29.0, 329.0, 875.0, 921.0, 1304.0, 1501.0, 1556.0, 1746.0, 1808.0, 2082.0, 2343.0, 2544.0, 2626.0, 2879.0, 2954.0, 3056.0, 3251.0, 3900.0, 3921.0, 4000.0]",19.0,338.6758764889091
dry-beans-noise__n_segments=20__n_observations=4000,484,multirank,0.9077109812998404,0.06425,0.001,0.06425,"[0, 29, 329, 875, 921, 1304, 1501, 1746, 1808, 2082, 2106, 2343, 2544, 2626, 2879, 2954, 3056, 3251, 3900, 3921, 4000]","[0, 329, 875, 921, 1304, 1501, 1746, 1808, 2086, 2626, 2954, 3056, 3251, 3900, 4000]",13.0,33.42101867264137
dry-beans-noise__n_segments=20__n_observations=4000,484,kernseg_rbf,0.0,0.4795,0.0,0.4795,"[0, 29, 329, 875, 921, 1304, 1501, 1746, 1808, 2082, 2106, 2343, 2544, 2626, 2879, 2954, 3056, 3251, 3900, 3921, 4000]","[0, 4000]",0.0,2.543936380650848
dry-beans-noise__n_segments=20__n_observations=5656,484,changeforest_bs,0.9987236622004082,0.0001768033946251,0.0065417256011315,0.0065417256011315,"[0, 41, 465, 1237, 1302, 1844, 2122, 2469, 2556, 2944, 2978, 3313, 3597, 3713, 4071, 4177, 4321, 4597, 5514, 5544, 5656]","[0, 41, 465, 1237, 1302, 1844, 2122, 2468, 2506, 2556, 2944, 2978, 3313, 3597, 3713, 4071, 4177, 4321, 4597, 5515, 5544, 5656]",20.0,1.43334597395733
dry-beans-noise__n_segments=20__n_observations=5656,484,changekNN_bs,0.9754372003554715,0.0152050919377652,0.0012376237623762,0.0152050919377652,"[0, 41, 465, 1237, 1302, 1844, 2122, 2469, 2556, 2944, 2978, 3313, 3597, 3713, 4071, 4177, 4321, 4597, 5514, 5544, 5656]","[0, 41, 465, 1237, 1295, 1844, 2122, 2555, 2944, 2978, 3313, 3597, 3714, 4072, 4176, 4321, 4597, 5543, 5656]",17.0,4.004979581572115
dry-beans-noise__n_segments=20__n_observations=5656,484,ecp,0.9876336551055824,0.0153818953323903,0.0001768033946251,0.0153818953323903,"[0, 41, 465, 1237, 1302, 1844, 2122, 2469, 2556, 2944, 2978, 3313, 3597, 3713, 4071, 4177, 4321, 4597, 5514, 5544, 5656]","[0.0, 41.0, 465.0, 1237.0, 1302.0, 1844.0, 2122.0, 2556.0, 2944.0, 2978.0, 3313.0, 3597.0, 3714.0, 4072.0, 4177.0, 4321.0, 4597.0, 5514.0, 5544.0, 5656.0]",18.0,749.5467181252316
dry-beans-noise__n_segments=20__n_observations=5656,484,multirank,0.9937092620201852,0.0056577086280056,0.0003536067892503,0.0056577086280056,"[0, 41, 465, 1237, 1302, 1844, 2122, 2469, 2556, 2944, 2978, 3313, 3597, 3713, 4071, 4177, 4321, 4597, 5514, 5544, 5656]","[0, 41, 465, 1238, 1302, 1844, 2122, 2469, 2556, 2946, 3313, 3597, 3713, 4071, 4177, 4321, 4597, 5514, 5656]",17.0,69.92500982899219
dry-beans-noise__n_segments=20__n_observations=5656,484,kernseg_rbf,0.0,0.4794908062234795,0.0,0.4794908062234795,"[0, 41, 465, 1237, 1302, 1844, 2122, 2469, 2556, 2944, 2978, 3313, 3597, 3713, 4071, 4177, 4321, 4597, 5514, 5544, 5656]","[0, 5656]",0.0,5.007463914342225
dry-beans-noise__n_segments=20__n_observations=8000,484,changeforest_bs,0.9811499736344104,0.000125,0.00925,0.00925,"[0, 58, 658, 1750, 1842, 2608, 3002, 3492, 3616, 4164, 4212, 4687, 5088, 5252, 5758, 5908, 6112, 6502, 7800, 7841, 8000]","[0, 58, 658, 1749, 1842, 2608, 3002, 3492, 3616, 4164, 4212, 4687, 5088, 5252, 5759, 5908, 6112, 6502, 6576, 7800, 7842, 8000]",20.0,2.0574707468040287
dry-beans-noise__n_segments=20__n_observations=8000,484,changekNN_bs,0.9983947815649964,0.000625,0.000625,0.000625,"[0, 58, 658, 1750, 1842, 2608, 3002, 3492, 3616, 4164, 4212, 4687, 5088, 5252, 5758, 5908, 6112, 6502, 7800, 7841, 8000]","[0, 58, 658, 1749, 1843, 2610, 3002, 3492, 3616, 4164, 4212, 4687, 5093, 5252, 5759, 5908, 6112, 6502, 7800, 7842, 8000]",19.0,8.487877155654132
dry-beans-noise__n_segments=20__n_observations=8000,484,ecp,0.9973029273948988,0.005125,0.000625,0.005125,"[0, 58, 658, 1750, 1842, 2608, 3002, 3492, 3616, 4164, 4212, 4687, 5088, 5252, 5758, 5908, 6112, 6502, 7800, 7841, 8000]","[0.0, 58.0, 658.0, 1749.0, 1842.0, 2610.0, 3002.0, 3492.0, 3616.0, 4164.0, 4212.0, 4687.0, 5093.0, 5252.0, 5759.0, 5908.0, 6112.0, 6502.0, 7800.0, 8000.0]",18.0,1602.2541289390065
dry-beans-noise__n_segments=20__n_observations=8000,484,multirank,0.934654198142998,0.04425,0.00075,0.04425,"[0, 58, 658, 1750, 1842, 2608, 3002, 3492, 3616, 4164, 4212, 4687, 5088, 5252, 5758, 5908, 6112, 6502, 7800, 7841, 8000]","[0, 58, 658, 1842, 2608, 3002, 3492, 3616, 4206, 4687, 5088, 5252, 6112, 6503, 7800, 8000]",14.0,141.65546848718077
dry-beans-noise__n_segments=20__n_observations=8000,484,kernseg_rbf,0.0,0.4795,0.0,0.4795,"[0, 58, 658, 1750, 1842, 2608, 3002, 3492, 3616, 4164, 4212, 4687, 5088, 5252, 5758, 5908, 6112, 6502, 7800, 7841, 8000]","[0, 8000]",0.0,10.414277460891752
dry-beans-noise__n_segments=20__n_observations=11313,484,changeforest_bs,0.9981625420601312,0.0011491204808627,0.0011491204808627,0.0011491204808627,"[0, 82, 930, 2475, 2605, 3687, 4245, 4938, 5113, 5888, 5957, 6627, 7195, 7428, 8143, 8354, 8643, 9195, 11029, 11089, 11313]","[0, 82, 930, 2476, 2605, 3687, 4245, 4942, 5113, 5875, 5957, 6627, 7195, 7428, 8143, 8354, 8643, 9196, 11029, 11089, 11313]",19.0,2.7644822420552373
dry-beans-noise__n_segments=20__n_observations=11313,484,changekNN_bs,0.9962587966993148,0.0028286042605851,0.0028286042605851,0.0028286042605851,"[0, 82, 930, 2475, 2605, 3687, 4245, 4938, 5113, 5888, 5957, 6627, 7195, 7428, 8143, 8354, 8643, 9195, 11029, 11089, 11313]","[0, 82, 930, 2475, 2606, 3687, 4245, 4942, 5115, 5856, 5957, 6627, 7195, 7428, 8143, 8354, 8643, 9197, 11029, 11089, 11313]",19.0,17.48852150607854
dry-beans-noise__n_segments=20__n_observations=11313,484,multirank,0.8096589214901699,0.0653230796428887,8.839388314328648e-05,0.0653230796428887,"[0, 82, 930, 2475, 2605, 3687, 4245, 4938, 5113, 5888, 5957, 6627, 7195, 7428, 8143, 8354, 8643, 9195, 11029, 11089, 11313]","[0, 930, 2606, 3687, 4245, 5113, 6627, 7195, 8644, 9196, 11313]",9.0,294.7487323312089
dry-beans-noise__n_segments=20__n_observations=11313,484,kernseg_rbf,0.0,0.4795368160523292,0.0,0.4795368160523292,"[0, 82, 930, 2475, 2605, 3687, 4245, 4938, 5113, 5888, 5957, 6627, 7195, 7428, 8143, 8354, 8643, 9195, 11029, 11089, 11313]","[0, 11313]",0.0,20.864648094400764
dry-beans-noise__n_segments=20__n_observations=16000,484,changeforest_bs,0.9982258332405536,0.0003125,0.00775,0.00775,"[0, 116, 1315, 3501, 3684, 5215, 6004, 6983, 7231, 8328, 8425, 9373, 10176, 10505, 11517, 11816, 12224, 13004, 15599, 15683, 16000]","[0, 116, 1315, 3501, 3684, 5215, 6004, 6983, 7234, 8323, 8425, 9373, 10176, 10300, 10505, 11517, 11816, 12224, 13004, 15599, 15683, 16000]",20.0,3.7359948279336095
dry-beans-noise__n_segments=20__n_observations=16000,484,changekNN_bs,0.9174477599081102,0.0654375,0.0101875,0.0654375,"[0, 116, 1315, 3501, 3684, 5215, 6004, 6983, 7231, 8328, 8425, 9373, 10176, 10505, 11517, 11816, 12224, 13004, 15599, 15683, 16000]","[0, 116, 1315, 1478, 3497, 3684, 3764, 5216, 6004, 6983, 7231, 9375, 10176, 10505, 11517, 11816, 12225, 13004, 15599, 15683, 16000]",19.0,36.00885777268559
dry-beans-noise__n_segments=20__n_observations=16000,484,multirank,0.7405757534661469,0.107125,6.25e-05,0.107125,"[0, 116, 1315, 3501, 3684, 5215, 6004, 6983, 7231, 8328, 8425, 9373, 10176, 10505, 11517, 11816, 12224, 13004, 15599, 15683, 16000]","[0, 117, 1315, 5215, 6004, 6983, 7231, 9373, 10505, 11517, 11816, 12223, 13004, 16000]",12.0,576.6352360020392
dry-beans-noise__n_segments=20__n_observations=16000,484,kernseg_rbf,0.0,0.4795,0.0,0.4795,"[0, 116, 1315, 3501, 3684, 5215, 6004, 6983, 7231, 8328, 8425, 9373, 10176, 10505, 11517, 11816, 12224, 13004, 15599, 15683, 16000]","[0, 16000]",0.0,41.53082573087886
dry-beans-noise__n_segments=20__n_observations=22627,484,changeforest_bs,0.9998809293715412,4.41949882883281e-05,4.41949882883281e-05,4.41949882883281e-05,"[0, 164, 1860, 4951, 5210, 7375, 8490, 9875, 10226, 11777, 11914, 13255, 14391, 14856, 16287, 16710, 17286, 18390, 22060, 22178, 22627]","[0, 164, 1860, 4951, 5210, 7376, 8490, 9875, 10226, 11777, 11913, 13255, 14391, 14856, 16287, 16710, 17286, 18390, 22060, 22178, 22627]",19.0,5.995411614887416
dry-beans-noise__n_segments=20__n_observations=22627,484,changekNN_bs,0.9904678133966496,0.0016352145666681,0.0055685685243293,0.0055685685243293,"[0, 164, 1860, 4951, 5210, 7375, 8490, 9875, 10226, 11777, 11914, 13255, 14391, 14856, 16287, 16710, 17286, 18390, 22060, 22178, 22627]","[0, 164, 1860, 4958, 5205, 7375, 8490, 9875, 10226, 10352, 11777, 11914, 13256, 14391, 14856, 16287, 16710, 17286, 18390, 22026, 22141, 22255, 22627]",21.0,74.20371796563268
dry-beans-noise__n_segments=20__n_observations=22627,484,kernseg_rbf,0.0,0.4795156229283599,0.0,0.4795156229283599,"[0, 164, 1860, 4951, 5210, 7375, 8490, 9875, 10226, 11777, 11914, 13255, 14391, 14856, 16287, 16710, 17286, 18390, 22060, 22178, 22627]","[0, 22627]",0.0,81.18665194278583
dry-beans-noise__n_segments=20__n_observations=32000,484,changeforest_bs,0.9988564036967404,0.000125,0.00584375,0.00584375,"[0, 232, 2631, 7001, 7369, 10430, 12007, 13966, 14462, 16656, 16849, 18746, 20353, 21010, 23034, 23632, 24447, 26008, 31198, 31366, 32000]","[0, 232, 2631, 7001, 7369, 10430, 12007, 13966, 14462, 16656, 16850, 18747, 20353, 21010, 23030, 23221, 23632, 24447, 26008, 31198, 31366, 32000]",20.0,7.642464736942202
dry-beans-noise__n_segments=20__n_observations=32000,484,changekNN_bs,0.9982982103150824,0.0003125,0.0051875,0.0051875,"[0, 232, 2631, 7001, 7369, 10430, 12007, 13966, 14462, 16656, 16849, 18746, 20353, 21010, 23034, 23632, 24447, 26008, 31198, 31366, 32000]","[0, 232, 2631, 6991, 7369, 10430, 12007, 13967, 14462, 16656, 16850, 18747, 20353, 21010, 23030, 23200, 23632, 24447, 26008, 31198, 31366, 32000]",20.0,153.9768130350858
dry-beans-noise__n_segments=20__n_observations=32000,484,kernseg_rbf,0.0,0.4795,0.0,0.4795,"[0, 232, 2631, 7001, 7369, 10430, 12007, 13966, 14462, 16656, 16849, 18746, 20353, 21010, 23034, 23632, 24447, 26008, 31198, 31366, 32000]","[0, 32000]",0.0,166.72060214029625
dry-beans-noise__n_segments=20__n_observations=45254,484,changeforest_bs,0.9954683203378292,0.0,0.0050382286648694,0.0050382286648694,"[0, 328, 3720, 9901, 10421, 14750, 16981, 19751, 20453, 23555, 23828, 26511, 28782, 29712, 32574, 33419, 34573, 36780, 44120, 44357, 45254]","[0, 328, 3492, 3720, 9901, 10421, 14750, 16981, 19751, 20453, 23555, 23828, 26511, 28782, 29712, 32574, 33419, 34573, 36780, 44120, 44357, 45254]",20.0,10.651495528873056
dry-beans-noise__n_segments=20__n_observations=45254,484,kernseg_rbf,0.0,0.4794935254342157,0.0,0.4794935254342157,"[0, 328, 3720, 9901, 10421, 14750, 16981, 19751, 20453, 23555, 23828, 26511, 28782, 29712, 32574, 33419, 34573, 36780, 44120, 44357, 45254]","[0, 45254]",0.0,334.05964702600613
dry-beans-noise__n_segments=20__n_observations=64000,484,changeforest_bs,1.0,0.0,0.0,0.0,"[0, 464, 5261, 14003, 14738, 20861, 24015, 27933, 28925, 33312, 33698, 37493, 40705, 42020, 46067, 47263, 48894, 52016, 62396, 62731, 64000]","[0, 464, 5261, 14003, 14738, 20861, 24015, 27933, 28925, 33312, 33698, 37493, 40705, 42020, 46067, 47263, 48894, 52016, 62396, 62731, 64000]",19.0,15.405820382293314
dry-beans-noise__n_segments=20__n_observations=90509,484,changeforest_bs,1.0,0.0,0.0,0.0,"[0, 657, 7440, 19803, 20842, 29501, 33962, 39502, 40906, 47110, 47656, 53022, 57565, 59424, 65149, 66839, 69146, 73561, 88241, 88715, 90509]","[0, 657, 7440, 19803, 20842, 29501, 33962, 39502, 40906, 47110, 47656, 53022, 57565, 59424, 65149, 66839, 69146, 73561, 88241, 88715, 90509]",19.0,21.12518863985315
dry-beans-noise__n_segments=20__n_observations=128000,484,changeforest_bs,0.9998301905693104,5.46875e-05,5.46875e-05,5.46875e-05,"[0, 929, 10522, 28005, 29475, 41721, 48030, 55865, 57850, 66624, 67397, 74985, 81410, 84039, 92135, 94526, 97788, 104032, 124792, 125463, 128000]","[0, 929, 10522, 28005, 29475, 41721, 48030, 55865, 57850, 66626, 67397, 74985, 81409, 84039, 92135, 94526, 97788, 104025, 124792, 125463, 128000]",19.0,32.29248352814466
dry-beans-noise__n_segments=80__n_observations=250,484,changeforest_bs,0.0,0.476,0.0,0.476,"[0, 0, 6, 17, 17, 25, 28, 33, 34, 39, 40, 44, 48, 49, 54, 56, 58, 61, 74, 74, 75, 77, 79, 80, 83, 88, 91, 93, 97, 105, 105, 109, 110, 111, 116, 117, 119, 132, 136, 139, 147, 147, 149, 150, 153, 153, 155, 155, 160, 165, 168, 171, 175, 176, 177, 182, 185, 187, 192, 196, 198, 198, 206, 207, 208, 211, 218, 218, 223, 225, 229, 232, 233, 234, 235, 239, 241, 244, 245, 248, 250]","[0, 250]",0.0,0.0165946297347545
dry-beans-noise__n_segments=80__n_observations=250,484,changekNN_bs,0.0,0.476,0.0,0.476,"[0, 0, 6, 17, 17, 25, 28, 33, 34, 39, 40, 44, 48, 49, 54, 56, 58, 61, 74, 74, 75, 77, 79, 80, 83, 88, 91, 93, 97, 105, 105, 109, 110, 111, 116, 117, 119, 132, 136, 139, 147, 147, 149, 150, 153, 153, 155, 155, 160, 165, 168, 171, 175, 176, 177, 182, 185, 187, 192, 196, 198, 198, 206, 207, 208, 211, 218, 218, 223, 225, 229, 232, 233, 234, 235, 239, 241, 244, 245, 248, 250]","[0, 250]",0.0,0.0061834030784666
dry-beans-noise__n_segments=80__n_observations=250,484,ecp,0.3079748946851478,0.068,0.0,0.068,"[0, 0, 6, 17, 17, 25, 28, 33, 34, 39, 40, 44, 48, 49, 54, 56, 58, 61, 74, 74, 75, 77, 79, 80, 83, 88, 91, 93, 97, 105, 105, 109, 110, 111, 116, 117, 119, 132, 136, 139, 147, 147, 149, 150, 153, 153, 155, 155, 160, 165, 168, 171, 175, 176, 177, 182, 185, 187, 192, 196, 198, 198, 206, 207, 208, 211, 218, 218, 223, 225, 229, 232, 233, 234, 235, 239, 241, 244, 245, 248, 250]","[0.0, 6.0, 40.0, 44.0, 77.0, 79.0, 105.0, 109.0, 149.0, 155.0, 171.0, 175.0, 196.0, 198.0, 211.0, 218.0, 235.0, 239.0, 250.0]",17.0,2.2489170781336725
dry-beans-noise__n_segments=80__n_observations=250,484,multirank,0.0,0.476,0.0,0.476,"[0, 0, 6, 17, 17, 25, 28, 33, 34, 39, 40, 44, 48, 49, 54, 56, 58, 61, 74, 74, 75, 77, 79, 80, 83, 88, 91, 93, 97, 105, 105, 109, 110, 111, 116, 117, 119, 132, 136, 139, 147, 147, 149, 150, 153, 153, 155, 155, 160, 165, 168, 171, 175, 176, 177, 182, 185, 187, 192, 196, 198, 198, 206, 207, 208, 211, 218, 218, 223, 225, 229, 232, 233, 234, 235, 239, 241, 244, 245, 248, 250]","[0, 250]",0.0,0.2835732833482325
dry-beans-noise__n_segments=80__n_observations=250,484,kernseg_rbf,0.0,0.476,0.0,0.476,"[0, 0, 6, 17, 17, 25, 28, 33, 34, 39, 40, 44, 48, 49, 54, 56, 58, 61, 74, 74, 75, 77, 79, 80, 83, 88, 91, 93, 97, 105, 105, 109, 110, 111, 116, 117, 119, 132, 136, 139, 147, 147, 149, 150, 153, 153, 155, 155, 160, 165, 168, 171, 175, 176, 177, 182, 185, 187, 192, 196, 198, 198, 206, 207, 208, 211, 218, 218, 223, 225, 229, 232, 233, 234, 235, 239, 241, 244, 245, 248, 250]","[0, 250]",0.0,0.0479890638962388
dry-beans-noise__n_segments=80__n_observations=353,484,changeforest_bs,0.0739019501132197,0.2096317280453258,0.0056657223796034,0.2096317280453258,"[0, 1, 9, 23, 25, 35, 40, 47, 48, 56, 56, 62, 68, 70, 77, 79, 81, 86, 104, 104, 106, 109, 112, 113, 118, 125, 128, 131, 137, 148, 149, 154, 155, 157, 164, 165, 168, 187, 192, 196, 207, 208, 211, 212, 216, 217, 218, 219, 226, 233, 237, 242, 247, 249, 250, 256, 261, 264, 271, 277, 279, 280, 290, 293, 294, 298, 307, 308, 315, 318, 323, 328, 330, 330, 332, 337, 340, 345, 346, 351, 353]","[0, 151, 187, 212, 216, 227, 353]",5.0,0.062975239008665
dry-beans-noise__n_segments=80__n_observations=353,484,changekNN_bs,0.0,0.4759206798866855,0.0,0.4759206798866855,"[0, 1, 9, 23, 25, 35, 40, 47, 48, 56, 56, 62, 68, 70, 77, 79, 81, 86, 104, 104, 106, 109, 112, 113, 118, 125, 128, 131, 137, 148, 149, 154, 155, 157, 164, 165, 168, 187, 192, 196, 207, 208, 211, 212, 216, 217, 218, 219, 226, 233, 237, 242, 247, 249, 250, 256, 261, 264, 271, 277, 279, 280, 290, 293, 294, 298, 307, 308, 315, 318, 323, 328, 330, 330, 332, 337, 340, 345, 346, 351, 353]","[0, 353]",0.0,0.012627026066184
dry-beans-noise__n_segments=80__n_observations=353,484,ecp,0.0873928742470312,0.2124645892351274,0.0,0.2124645892351274,"[0, 1, 9, 23, 25, 35, 40, 47, 48, 56, 56, 62, 68, 70, 77, 79, 81, 86, 104, 104, 106, 109, 112, 113, 118, 125, 128, 131, 137, 148, 149, 154, 155, 157, 164, 165, 168, 187, 192, 196, 207, 208, 211, 212, 216, 217, 218, 219, 226, 233, 237, 242, 247, 249, 250, 256, 261, 264, 271, 277, 279, 280, 290, 293, 294, 298, 307, 308, 315, 318, 323, 328, 330, 330, 332, 337, 340, 345, 346, 351, 353]","[0.0, 56.0, 62.0, 212.0, 216.0, 318.0, 330.0, 337.0, 353.0]",7.0,2.198296491988004
dry-beans-noise__n_segments=80__n_observations=353,484,multirank,0.0,0.4759206798866855,0.0,0.4759206798866855,"[0, 1, 9, 23, 25, 35, 40, 47, 48, 56, 56, 62, 68, 70, 77, 79, 81, 86, 104, 104, 106, 109, 112, 113, 118, 125, 128, 131, 137, 148, 149, 154, 155, 157, 164, 165, 168, 187, 192, 196, 207, 208, 211, 212, 216, 217, 218, 219, 226, 233, 237, 242, 247, 249, 250, 256, 261, 264, 271, 277, 279, 280, 290, 293, 294, 298, 307, 308, 315, 318, 323, 328, 330, 330, 332, 337, 340, 345, 346, 351, 353]","[0, 353]",0.0,0.4883573949337005
dry-beans-noise__n_segments=80__n_observations=353,484,kernseg_rbf,0.0,0.4759206798866855,0.0,0.4759206798866855,"[0, 1, 9, 23, 25, 35, 40, 47, 48, 56, 56, 62, 68, 70, 77, 79, 81, 86, 104, 104, 106, 109, 112, 113, 118, 125, 128, 131, 137, 148, 149, 154, 155, 157, 164, 165, 168, 187, 192, 196, 207, 208, 211, 212, 216, 217, 218, 219, 226, 233, 237, 242, 247, 249, 250, 256, 261, 264, 271, 277, 279, 280, 290, 293, 294, 298, 307, 308, 315, 318, 323, 328, 330, 330, 332, 337, 340, 345, 346, 351, 353]","[0, 353]",0.0,0.0962481778115034
dry-beans-noise__n_segments=80__n_observations=500,484,changeforest_bs,0.1979571208729286,0.144,0.004,0.144,"[0, 1, 12, 33, 35, 49, 57, 66, 68, 79, 79, 88, 96, 99, 109, 111, 115, 122, 147, 148, 151, 154, 159, 160, 167, 176, 181, 185, 193, 209, 211, 218, 219, 222, 233, 233, 237, 265, 273, 278, 294, 295, 299, 301, 306, 307, 309, 310, 320, 330, 335, 342, 349, 353, 354, 363, 370, 374, 384, 392, 396, 397, 411, 415, 417, 423, 435, 437, 446, 450, 458, 464, 467, 468, 471, 477, 481, 488, 491, 497, 500]","[0, 12, 33, 88, 237, 265, 342, 349, 417, 421, 435, 446, 451, 468, 481, 492, 500]",15.0,0.137583031784743
dry-beans-noise__n_segments=80__n_observations=500,484,changekNN_bs,0.1070356411976823,0.178,0.008,0.178,"[0, 1, 12, 33, 35, 49, 57, 66, 68, 79, 79, 88, 96, 99, 109, 111, 115, 122, 147, 148, 151, 154, 159, 160, 167, 176, 181, 185, 193, 209, 211, 218, 219, 222, 233, 233, 237, 265, 273, 278, 294, 295, 299, 301, 306, 307, 309, 310, 320, 330, 335, 342, 349, 353, 354, 363, 370, 374, 384, 392, 396, 397, 411, 415, 417, 423, 435, 437, 446, 450, 458, 464, 467, 468, 471, 477, 481, 488, 491, 497, 500]","[0, 12, 29, 88, 237, 265, 451, 488, 500]",7.0,0.0314328661188483
dry-beans-noise__n_segments=80__n_observations=500,484,ecp,0.4620418569892022,0.062,0.0,0.062,"[0, 1, 12, 33, 35, 49, 57, 66, 68, 79, 79, 88, 96, 99, 109, 111, 115, 122, 147, 148, 151, 154, 159, 160, 167, 176, 181, 185, 193, 209, 211, 218, 219, 222, 233, 233, 237, 265, 273, 278, 294, 295, 299, 301, 306, 307, 309, 310, 320, 330, 335, 342, 349, 353, 354, 363, 370, 374, 384, 392, 396, 397, 411, 415, 417, 423, 435, 437, 446, 450, 458, 464, 467, 468, 471, 477, 481, 488, 491, 497, 500]","[0.0, 12.0, 66.0, 68.0, 88.0, 96.0, 109.0, 111.0, 115.0, 122.0, 147.0, 176.0, 185.0, 193.0, 209.0, 222.0, 233.0, 237.0, 278.0, 301.0, 342.0, 349.0, 415.0, 417.0, 435.0, 458.0, 464.0, 491.0, 497.0, 500.0]",28.0,7.98229325003922
dry-beans-noise__n_segments=80__n_observations=500,484,multirank,0.0160660638626249,0.412,0.0,0.412,"[0, 1, 12, 33, 35, 49, 57, 66, 68, 79, 79, 88, 96, 99, 109, 111, 115, 122, 147, 148, 151, 154, 159, 160, 167, 176, 181, 185, 193, 209, 211, 218, 219, 222, 233, 233, 237, 265, 273, 278, 294, 295, 299, 301, 306, 307, 309, 310, 320, 330, 335, 342, 349, 353, 354, 363, 370, 374, 384, 392, 396, 397, 411, 415, 417, 423, 435, 437, 446, 450, 458, 464, 467, 468, 471, 477, 481, 488, 491, 497, 500]","[0, 88, 500]",1.0,1.085338900797069
dry-beans-noise__n_segments=80__n_observations=500,484,kernseg_rbf,0.0,0.474,0.0,0.474,"[0, 1, 12, 33, 35, 49, 57, 66, 68, 79, 79, 88, 96, 99, 109, 111, 115, 122, 147, 148, 151, 154, 159, 160, 167, 176, 181, 185, 193, 209, 211, 218, 219, 222, 233, 233, 237, 265, 273, 278, 294, 295, 299, 301, 306, 307, 309, 310, 320, 330, 335, 342, 349, 353, 354, 363, 370, 374, 384, 392, 396, 397, 411, 415, 417, 423, 435, 437, 446, 450, 458, 464, 467, 468, 471, 477, 481, 488, 491, 497, 500]","[0, 500]",0.0,0.1841778242960572
dry-beans-noise__n_segments=80__n_observations=707,484,changeforest_bs,0.2997172996513599,0.0876944837340877,0.007072135785007,0.0876944837340877,"[0, 1, 17, 47, 49, 70, 80, 93, 96, 111, 112, 125, 136, 140, 153, 157, 163, 173, 208, 209, 213, 217, 225, 226, 236, 249, 257, 262, 274, 296, 298, 308, 310, 314, 329, 330, 336, 375, 385, 393, 415, 417, 423, 426, 433, 434, 437, 439, 452, 467, 474, 484, 494, 499, 501, 513, 523, 529, 543, 554, 559, 561, 582, 586, 590, 598, 615, 618, 631, 636, 647, 656, 660, 662, 666, 675, 680, 690, 694, 703, 707]","[0, 17, 47, 70, 80, 93, 173, 213, 338, 375, 417, 423, 426, 433, 439, 451, 583, 599, 615, 642, 658, 707]",20.0,0.2361952881328761
dry-beans-noise__n_segments=80__n_observations=707,484,changekNN_bs,0.0845729285133385,0.2432814710042432,0.007072135785007,0.2432814710042432,"[0, 1, 17, 47, 49, 70, 80, 93, 96, 111, 112, 125, 136, 140, 153, 157, 163, 173, 208, 209, 213, 217, 225, 226, 236, 249, 257, 262, 274, 296, 298, 308, 310, 314, 329, 330, 336, 375, 385, 393, 415, 417, 423, 426, 433, 434, 437, 439, 452, 467, 474, 484, 494, 499, 501, 513, 523, 529, 543, 554, 559, 561, 582, 586, 590, 598, 615, 618, 631, 636, 647, 656, 660, 662, 666, 675, 680, 690, 694, 703, 707]","[0, 17, 47, 213, 561, 582, 642, 660, 707]",7.0,0.0620076688937842
dry-beans-noise__n_segments=80__n_observations=707,484,ecp,0.3732611688139972,0.099009900990099,0.0,0.099009900990099,"[0, 1, 17, 47, 49, 70, 80, 93, 96, 111, 112, 125, 136, 140, 153, 157, 163, 173, 208, 209, 213, 217, 225, 226, 236, 249, 257, 262, 274, 296, 298, 308, 310, 314, 329, 330, 336, 375, 385, 393, 415, 417, 423, 426, 433, 434, 437, 439, 452, 467, 474, 484, 494, 499, 501, 513, 523, 529, 543, 554, 559, 561, 582, 586, 590, 598, 615, 618, 631, 636, 647, 656, 660, 662, 666, 675, 680, 690, 694, 703, 707]","[0.0, 17.0, 47.0, 49.0, 70.0, 213.0, 217.0, 236.0, 249.0, 298.0, 314.0, 329.0, 375.0, 385.0, 393.0, 415.0, 439.0, 452.0, 467.0, 494.0, 543.0, 554.0, 582.0, 647.0, 707.0]",23.0,12.757927315775303
dry-beans-noise__n_segments=80__n_observations=707,484,multirank,0.0164898998252541,0.4045261669024045,0.0,0.4045261669024045,"[0, 1, 17, 47, 49, 70, 80, 93, 96, 111, 112, 125, 136, 140, 153, 157, 163, 173, 208, 209, 213, 217, 225, 226, 236, 249, 257, 262, 274, 296, 298, 308, 310, 314, 329, 330, 336, 375, 385, 393, 415, 417, 423, 426, 433, 434, 437, 439, 452, 467, 474, 484, 494, 499, 501, 513, 523, 529, 543, 554, 559, 561, 582, 586, 590, 598, 615, 618, 631, 636, 647, 656, 660, 662, 666, 675, 680, 690, 694, 703, 707]","[0, 582, 707]",1.0,2.0032118977978826
dry-beans-noise__n_segments=80__n_observations=707,484,kernseg_rbf,0.0,0.4752475247524752,0.0,0.4752475247524752,"[0, 1, 17, 47, 49, 70, 80, 93, 96, 111, 112, 125, 136, 140, 153, 157, 163, 173, 208, 209, 213, 217, 225, 226, 236, 249, 257, 262, 274, 296, 298, 308, 310, 314, 329, 330, 336, 375, 385, 393, 415, 417, 423, 426, 433, 434, 437, 439, 452, 467, 474, 484, 494, 499, 501, 513, 523, 529, 543, 554, 559, 561, 582, 586, 590, 598, 615, 618, 631, 636, 647, 656, 660, 662, 666, 675, 680, 690, 694, 703, 707]","[0, 707]",0.0,0.386989546008408
dry-beans-noise__n_segments=80__n_observations=1000,484,changeforest_bs,0.7144925174811059,0.038,0.011,0.038,"[0, 2, 25, 66, 70, 99, 114, 132, 136, 157, 159, 177, 192, 198, 217, 222, 230, 245, 294, 296, 301, 307, 318, 320, 333, 353, 363, 370, 387, 418, 422, 435, 438, 444, 465, 467, 475, 530, 545, 556, 588, 589, 598, 602, 612, 614, 618, 620, 640, 660, 670, 685, 699, 706, 709, 726, 740, 748, 768, 784, 791, 793, 823, 829, 834, 845, 870, 874, 893, 900, 916, 928, 933, 936, 941, 954, 962, 976, 981, 994, 1000]","[0, 25, 65, 100, 114, 132, 136, 177, 192, 245, 294, 297, 333, 353, 374, 387, 407, 422, 436, 444, 475, 530, 544, 556, 589, 598, 602, 612, 620, 627, 640, 660, 670, 686, 699, 705, 716, 726, 740, 748, 768, 792, 823, 845, 873, 916, 1000]",45.0,0.3820059699937701
dry-beans-noise__n_segments=80__n_observations=1000,484,changekNN_bs,0.3718616144311309,0.084,0.022,0.084,"[0, 2, 25, 66, 70, 99, 114, 132, 136, 157, 159, 177, 192, 198, 217, 222, 230, 245, 294, 296, 301, 307, 318, 320, 333, 353, 363, 370, 387, 418, 422, 435, 438, 444, 465, 467, 475, 530, 545, 556, 588, 589, 598, 602, 612, 614, 618, 620, 640, 660, 670, 685, 699, 706, 709, 726, 740, 748, 768, 784, 791, 793, 823, 829, 834, 845, 870, 874, 893, 900, 916, 928, 933, 936, 941, 954, 962, 976, 981, 994, 1000]","[0, 25, 114, 132, 138, 177, 267, 296, 344, 358, 372, 386, 476, 544, 602, 620, 640, 660, 670, 685, 699, 706, 711, 727, 740, 748, 768, 793, 822, 1000]",28.0,0.13067556777969
dry-beans-noise__n_segments=80__n_observations=1000,484,ecp,0.3162128598377174,0.091,0.0,0.091,"[0, 2, 25, 66, 70, 99, 114, 132, 136, 157, 159, 177, 192, 198, 217, 222, 230, 245, 294, 296, 301, 307, 318, 320, 333, 353, 363, 370, 387, 418, 422, 435, 438, 444, 465, 467, 475, 530, 545, 556, 588, 589, 598, 602, 612, 614, 618, 620, 640, 660, 670, 685, 699, 706, 709, 726, 740, 748, 768, 784, 791, 793, 823, 829, 834, 845, 870, 874, 893, 900, 916, 928, 933, 936, 941, 954, 962, 976, 981, 994, 1000]","[0.0, 25.0, 132.0, 136.0, 217.0, 230.0, 307.0, 320.0, 363.0, 370.0, 556.0, 589.0, 612.0, 620.0, 640.0, 660.0, 670.0, 768.0, 791.0, 823.0, 845.0, 1000.0]",20.0,28.216473031323403
dry-beans-noise__n_segments=80__n_observations=1000,484,multirank,0.5465366973804092,0.007,0.027,0.027,"[0, 2, 25, 66, 70, 99, 114, 132, 136, 157, 159, 177, 192, 198, 217, 222, 230, 245, 294, 296, 301, 307, 318, 320, 333, 353, 363, 370, 387, 418, 422, 435, 438, 444, 465, 467, 475, 530, 545, 556, 588, 589, 598, 602, 612, 614, 618, 620, 640, 660, 670, 685, 699, 706, 709, 726, 740, 748, 768, 784, 791, 793, 823, 829, 834, 845, 870, 874, 893, 900, 916, 928, 933, 936, 941, 954, 962, 976, 981, 994, 1000]","[0, 4, 9, 25, 42, 46, 49, 50, 54, 66, 68, 77, 78, 84, 87, 89, 95, 97, 99, 104, 105, 106, 108, 110, 112, 113, 114, 116, 119, 120, 121, 127, 128, 129, 130, 131, 132, 137, 138, 164, 166, 170, 171, 174, 177, 181, 182, 192, 193, 196, 198, 204, 205, 206, 215, 230, 245, 249, 254, 279, 282, 294, 301, 307, 315, 319, 322, 333, 338, 339, 353, 357, 360, 364, 370, 388, 389, 395, 397, 417, 418, 420, 421, 424, 425, 435, 436, 446, 449, 452, 453, 459, 461, 467, 471, 472, 475, 476, 481, 485, 486, 493, 501, 502, 504, 505, 524, 527, 530, 540, 544, 548, 556, 589, 596, 597, 602, 603, 605, 610, 612, 614, 620, 640, 642, 660, 670, 672, 675, 678, 679, 681, 683, 686, 688, 699, 706, 709, 712, 715, 719, 726, 733, 734, 740, 752, 753, 768, 770, 771, 779, 783, 784, 787, 791, 793, 794, 798, 803, 804, 805, 807, 810, 812, 814, 822, 826, 828, 829, 830, 832, 835, 837, 846, 849, 850, 855, 856, 873, 875, 877, 878, 879, 881, 884, 886, 894, 896, 900, 908, 910, 915, 918, 923, 928, 931, 937, 941, 951, 952, 954, 956, 957, 960, 962, 963, 964, 965, 976, 979, 981, 984, 992, 994, 1000]",213.0,4.06447725603357
dry-beans-noise__n_segments=80__n_observations=1000,484,kernseg_rbf,0.0,0.475,0.0,0.475,"[0, 2, 25, 66, 70, 99, 114, 132, 136, 157, 159, 177, 192, 198, 217, 222, 230, 245, 294, 296, 301, 307, 318, 320, 333, 353, 363, 370, 387, 418, 422, 435, 438, 444, 465, 467, 475, 530, 545, 556, 588, 589, 598, 602, 612, 614, 618, 620, 640, 660, 670, 685, 699, 706, 709, 726, 740, 748, 768, 784, 791, 793, 823, 829, 834, 845, 870, 874, 893, 900, 916, 928, 933, 936, 941, 954, 962, 976, 981, 994, 1000]","[0, 1000]",0.0,0.8021656000055373
dry-beans-noise__n_segments=80__n_observations=1414,484,changeforest_bs,0.756372869716326,0.0325318246110325,0.007072135785007,0.0325318246110325,"[0, 3, 35, 94, 98, 139, 160, 187, 193, 222, 225, 250, 271, 280, 307, 315, 325, 346, 416, 418, 426, 435, 449, 452, 471, 499, 513, 524, 547, 592, 596, 616, 620, 628, 658, 660, 671, 749, 771, 786, 831, 833, 846, 851, 865, 868, 874, 877, 905, 934, 948, 968, 988, 998, 1002, 1027, 1046, 1057, 1086, 1108, 1119, 1122, 1163, 1173, 1179, 1195, 1231, 1235, 1262, 1273, 1295, 1312, 1320, 1323, 1331, 1349, 1361, 1381, 1388, 1405, 1414]","[0, 35, 138, 160, 186, 193, 201, 221, 250, 272, 280, 309, 313, 321, 336, 346, 416, 471, 496, 593, 660, 671, 749, 771, 786, 831, 846, 851, 865, 904, 936, 948, 968, 988, 1027, 1046, 1057, 1078, 1086, 1108, 1119, 1122, 1163, 1173, 1235, 1262, 1273, 1293, 1312, 1349, 1361, 1381, 1388, 1405, 1408, 1414]",54.0,0.5350492289289832
dry-beans-noise__n_segments=80__n_observations=1414,484,changekNN_bs,0.7239461095316237,0.0318246110325318,0.007072135785007,0.0318246110325318,"[0, 3, 35, 94, 98, 139, 160, 187, 193, 222, 225, 250, 271, 280, 307, 315, 325, 346, 416, 418, 426, 435, 449, 452, 471, 499, 513, 524, 547, 592, 596, 616, 620, 628, 658, 660, 671, 749, 771, 786, 831, 833, 846, 851, 865, 868, 874, 877, 905, 934, 948, 968, 988, 998, 1002, 1027, 1046, 1057, 1086, 1108, 1119, 1122, 1163, 1173, 1179, 1195, 1231, 1235, 1262, 1273, 1295, 1312, 1320, 1323, 1331, 1349, 1361, 1381, 1388, 1405, 1414]","[0, 3, 35, 138, 225, 250, 272, 280, 309, 315, 336, 344, 424, 471, 499, 592, 660, 671, 749, 771, 784, 831, 833, 844, 851, 865, 905, 934, 940, 968, 988, 1027, 1046, 1057, 1086, 1108, 1119, 1122, 1163, 1173, 1235, 1263, 1273, 1295, 1312, 1318, 1357, 1381, 1388, 1405, 1408, 1414]",50.0,0.2559026735834777
dry-beans-noise__n_segments=80__n_observations=1414,484,ecp,0.8589356647893819,0.0318246110325318,0.0042432814710042,0.0318246110325318,"[0, 3, 35, 94, 98, 139, 160, 187, 193, 222, 225, 250, 271, 280, 307, 315, 325, 346, 416, 418, 426, 435, 449, 452, 471, 499, 513, 524, 547, 592, 596, 616, 620, 628, 658, 660, 671, 749, 771, 786, 831, 833, 846, 851, 865, 868, 874, 877, 905, 934, 948, 968, 988, 998, 1002, 1027, 1046, 1057, 1086, 1108, 1119, 1122, 1163, 1173, 1179, 1195, 1231, 1235, 1262, 1273, 1295, 1312, 1320, 1323, 1331, 1349, 1361, 1381, 1388, 1405, 1414]","[0.0, 3.0, 35.0, 94.0, 138.0, 187.0, 193.0, 222.0, 225.0, 250.0, 280.0, 311.0, 346.0, 424.0, 449.0, 452.0, 471.0, 499.0, 592.0, 615.0, 628.0, 660.0, 671.0, 749.0, 771.0, 786.0, 831.0, 833.0, 851.0, 865.0, 874.0, 877.0, 905.0, 934.0, 942.0, 968.0, 988.0, 998.0, 1002.0, 1027.0, 1046.0, 1086.0, 1108.0, 1119.0, 1163.0, 1173.0, 1195.0, 1235.0, 1262.0, 1273.0, 1295.0, 1312.0, 1321.0, 1331.0, 1351.0, 1381.0, 1388.0, 1405.0, 1414.0]",57.0,95.7237466191873
dry-beans-noise__n_segments=80__n_observations=1414,484,multirank,0.7438093617381554,0.0028288543140028,0.0254596888260254,0.0254596888260254,"[0, 3, 35, 94, 98, 139, 160, 187, 193, 222, 225, 250, 271, 280, 307, 315, 325, 346, 416, 418, 426, 435, 449, 452, 471, 499, 513, 524, 547, 592, 596, 616, 620, 628, 658, 660, 671, 749, 771, 786, 831, 833, 846, 851, 865, 868, 874, 877, 905, 934, 948, 968, 988, 998, 1002, 1027, 1046, 1057, 1086, 1108, 1119, 1122, 1163, 1173, 1179, 1195, 1231, 1235, 1262, 1273, 1295, 1312, 1320, 1323, 1331, 1349, 1361, 1381, 1388, 1405, 1414]","[0, 20, 33, 35, 89, 94, 96, 98, 138, 139, 160, 183, 186, 187, 194, 199, 225, 250, 266, 267, 271, 281, 289, 307, 309, 315, 325, 336, 338, 345, 346, 417, 426, 436, 449, 450, 455, 460, 472, 495, 499, 501, 511, 512, 524, 539, 541, 544, 588, 596, 597, 599, 616, 618, 620, 626, 627, 628, 629, 630, 631, 633, 651, 652, 656, 660, 671, 672, 697, 698, 706, 707, 724, 731, 732, 749, 765, 771, 774, 787, 792, 799, 801, 809, 813, 818, 819, 825, 826, 831, 848, 851, 865, 869, 874, 877, 880, 881, 894, 895, 897, 905, 934, 945, 946, 969, 989, 1002, 1006, 1007, 1009, 1010, 1019, 1022, 1027, 1047, 1056, 1060, 1061, 1083, 1084, 1086, 1108, 1120, 1122, 1140, 1141, 1163, 1175, 1179, 1183, 1187, 1189, 1195, 1206, 1209, 1210, 1217, 1230, 1234, 1236, 1258, 1261, 1273, 1280, 1295, 1312, 1320, 1323, 1331, 1336, 1337, 1349, 1351, 1354, 1358, 1359, 1361, 1366, 1374, 1376, 1379, 1383, 1388, 1405, 1409, 1414]",165.0,7.400256117805839
dry-beans-noise__n_segments=80__n_observations=1414,484,kernseg_rbf,0.0,0.4745403111739745,0.0,0.4745403111739745,"[0, 3, 35, 94, 98, 139, 160, 187, 193, 222, 225, 250, 271, 280, 307, 315, 325, 346, 416, 418, 426, 435, 449, 452, 471, 499, 513, 524, 547, 592, 596, 616, 620, 628, 658, 660, 671, 749, 771, 786, 831, 833, 846, 851, 865, 868, 874, 877, 905, 934, 948, 968, 988, 998, 1002, 1027, 1046, 1057, 1086, 1108, 1119, 1122, 1163, 1173, 1179, 1195, 1231, 1235, 1262, 1273, 1295, 1312, 1320, 1323, 1331, 1349, 1361, 1381, 1388, 1405, 1414]","[0, 1414]",0.0,1.6252340856008232
dry-beans-noise__n_segments=80__n_observations=2000,484,changeforest_bs,0.8719176301766427,0.021,0.0125,0.021,"[0, 4, 49, 133, 139, 197, 227, 264, 273, 314, 318, 353, 384, 396, 434, 445, 460, 489, 588, 591, 603, 615, 636, 640, 667, 706, 726, 741, 774, 837, 843, 871, 877, 889, 931, 933, 949, 1060, 1090, 1112, 1175, 1179, 1196, 1204, 1224, 1227, 1236, 1241, 1279, 1321, 1341, 1370, 1398, 1411, 1418, 1453, 1480, 1495, 1536, 1567, 1582, 1586, 1646, 1659, 1668, 1691, 1741, 1747, 1786, 1800, 1832, 1856, 1867, 1872, 1883, 1909, 1925, 1953, 1963, 1988, 2000]","[0, 4, 23, 49, 133, 139, 164, 197, 227, 314, 318, 343, 353, 384, 396, 434, 445, 454, 489, 590, 603, 615, 640, 651, 667, 707, 774, 837, 843, 871, 889, 931, 949, 1060, 1090, 1112, 1176, 1196, 1204, 1225, 1235, 1241, 1279, 1321, 1336, 1341, 1367, 1453, 1480, 1495, 1536, 1567, 1582, 1646, 1659, 1668, 1690, 1747, 1786, 1856, 1867, 1872, 1883, 1902, 1909, 1925, 1953, 1957, 1963, 1988, 2000]",69.0,0.7676090179011226
dry-beans-noise__n_segments=80__n_observations=2000,484,changekNN_bs,0.7602944833850425,0.04,0.01,0.04,"[0, 4, 49, 133, 139, 197, 227, 264, 273, 314, 318, 353, 384, 396, 434, 445, 460, 489, 588, 591, 603, 615, 636, 640, 667, 706, 726, 741, 774, 837, 843, 871, 877, 889, 931, 933, 949, 1060, 1090, 1112, 1175, 1179, 1196, 1204, 1224, 1227, 1236, 1241, 1279, 1321, 1341, 1370, 1398, 1411, 1418, 1453, 1480, 1495, 1536, 1567, 1582, 1586, 1646, 1659, 1668, 1691, 1741, 1747, 1786, 1800, 1832, 1856, 1867, 1872, 1883, 1909, 1925, 1953, 1963, 1988, 2000]","[0, 4, 50, 139, 195, 227, 296, 314, 350, 445, 488, 588, 591, 604, 615, 641, 651, 667, 706, 776, 817, 847, 871, 891, 931, 947, 1060, 1090, 1112, 1176, 1233, 1279, 1321, 1344, 1370, 1398, 1418, 1453, 1480, 1495, 1536, 1567, 1582, 1748, 1786, 1856, 1867, 1872, 1883, 1909, 1925, 1952, 1957, 1963, 1988, 2000]",54.0,0.5083172572776675
dry-beans-noise__n_segments=80__n_observations=2000,484,ecp,0.8857204628604458,0.016,0.0015,0.016,"[0, 4, 49, 133, 139, 197, 227, 264, 273, 314, 318, 353, 384, 396, 434, 445, 460, 489, 588, 591, 603, 615, 636, 640, 667, 706, 726, 741, 774, 837, 843, 871, 877, 889, 931, 933, 949, 1060, 1090, 1112, 1175, 1179, 1196, 1204, 1224, 1227, 1236, 1241, 1279, 1321, 1341, 1370, 1398, 1411, 1418, 1453, 1480, 1495, 1536, 1567, 1582, 1586, 1646, 1659, 1668, 1691, 1741, 1747, 1786, 1800, 1832, 1856, 1867, 1872, 1883, 1909, 1925, 1953, 1963, 1988, 2000]","[0.0, 4.0, 50.0, 139.0, 197.0, 227.0, 264.0, 273.0, 314.0, 318.0, 353.0, 384.0, 396.0, 445.0, 488.0, 588.0, 591.0, 615.0, 640.0, 667.0, 706.0, 744.0, 837.0, 843.0, 871.0, 891.0, 949.0, 1060.0, 1090.0, 1112.0, 1178.0, 1196.0, 1204.0, 1236.0, 1241.0, 1279.0, 1321.0, 1370.0, 1398.0, 1418.0, 1453.0, 1480.0, 1495.0, 1536.0, 1567.0, 1582.0, 1646.0, 1659.0, 1747.0, 1786.0, 1856.0, 1867.0, 1872.0, 1883.0, 1909.0, 1925.0, 1953.0, 1963.0, 1988.0, 2000.0]",58.0,169.23037295602262
dry-beans-noise__n_segments=80__n_observations=2000,484,multirank,0.8285081922751615,0.01,0.0225,0.0225,"[0, 4, 49, 133, 139, 197, 227, 264, 273, 314, 318, 353, 384, 396, 434, 445, 460, 489, 588, 591, 603, 615, 636, 640, 667, 706, 726, 741, 774, 837, 843, 871, 877, 889, 931, 933, 949, 1060, 1090, 1112, 1175, 1179, 1196, 1204, 1224, 1227, 1236, 1241, 1279, 1321, 1341, 1370, 1398, 1411, 1418, 1453, 1480, 1495, 1536, 1567, 1582, 1586, 1646, 1659, 1668, 1691, 1741, 1747, 1786, 1800, 1832, 1856, 1867, 1872, 1883, 1909, 1925, 1953, 1963, 1988, 2000]","[0, 4, 24, 49, 124, 125, 139, 197, 227, 264, 273, 314, 318, 339, 353, 389, 391, 396, 434, 446, 460, 489, 533, 534, 587, 588, 591, 603, 615, 616, 633, 634, 639, 667, 706, 760, 774, 790, 791, 837, 843, 871, 880, 889, 916, 919, 931, 949, 1054, 1055, 1060, 1090, 1112, 1162, 1163, 1179, 1189, 1196, 1204, 1229, 1235, 1241, 1268, 1269, 1278, 1321, 1370, 1398, 1403, 1404, 1414, 1426, 1432, 1453, 1475, 1477, 1478, 1495, 1537, 1559, 1567, 1572, 1582, 1583, 1587, 1588, 1595, 1596, 1646, 1659, 1668, 1690, 1750, 1751, 1772, 1786, 1800, 1815, 1824, 1825, 1831, 1832, 1856, 1866, 1872, 1883, 1906, 1925, 1933, 1935, 1936, 1953, 1977, 1988, 2000]",113.0,14.375591285992414
dry-beans-noise__n_segments=80__n_observations=2000,484,kernseg_rbf,0.0,0.4745,0.0,0.4745,"[0, 4, 49, 133, 139, 197, 227, 264, 273, 314, 318, 353, 384, 396, 434, 445, 460, 489, 588, 591, 603, 615, 636, 640, 667, 706, 726, 741, 774, 837, 843, 871, 877, 889, 931, 933, 949, 1060, 1090, 1112, 1175, 1179, 1196, 1204, 1224, 1227, 1236, 1241, 1279, 1321, 1341, 1370, 1398, 1411, 1418, 1453, 1480, 1495, 1536, 1567, 1582, 1586, 1646, 1659, 1668, 1691, 1741, 1747, 1786, 1800, 1832, 1856, 1867, 1872, 1883, 1909, 1925, 1953, 1963, 1988, 2000]","[0, 2000]",0.0,2.708599959965796
dry-beans-noise__n_segments=80__n_observations=2828,484,changeforest_bs,0.8174287693101535,0.0258132956152758,0.0141442715700141,0.0258132956152758,"[0, 5, 70, 188, 197, 279, 321, 373, 386, 445, 449, 500, 543, 560, 614, 629, 650, 692, 832, 836, 852, 870, 899, 905, 943, 998, 1026, 1048, 1094, 1183, 1192, 1232, 1239, 1257, 1316, 1320, 1343, 1498, 1541, 1572, 1662, 1667, 1691, 1702, 1731, 1735, 1748, 1755, 1809, 1867, 1896, 1936, 1976, 1996, 2004, 2054, 2092, 2114, 2171, 2216, 2238, 2243, 2327, 2345, 2358, 2390, 2461, 2471, 2525, 2545, 2590, 2625, 2640, 2646, 2662, 2699, 2722, 2761, 2775, 2810, 2828]","[0, 5, 70, 188, 197, 279, 323, 500, 543, 560, 614, 629, 650, 658, 692, 850, 854, 870, 943, 998, 1026, 1048, 1093, 1143, 1182, 1232, 1239, 1257, 1314, 1320, 1344, 1498, 1541, 1735, 1745, 1755, 1808, 1867, 1896, 1936, 1967, 1976, 1996, 2004, 2055, 2092, 2114, 2171, 2216, 2238, 2324, 2345, 2358, 2390, 2470, 2525, 2545, 2590, 2625, 2662, 2700, 2722, 2759, 2775, 2810, 2828]",64.0,1.1345011913217604
dry-beans-noise__n_segments=80__n_observations=2828,484,changekNN_bs,0.7684835684486642,0.0304101838755304,0.0045968882602545,0.0304101838755304,"[0, 5, 70, 188, 197, 279, 321, 373, 386, 445, 449, 500, 543, 560, 614, 629, 650, 692, 832, 836, 852, 870, 899, 905, 943, 998, 1026, 1048, 1094, 1183, 1192, 1232, 1239, 1257, 1316, 1320, 1343, 1498, 1541, 1572, 1662, 1667, 1691, 1702, 1731, 1735, 1748, 1755, 1809, 1867, 1896, 1936, 1976, 1996, 2004, 2054, 2092, 2114, 2171, 2216, 2238, 2243, 2327, 2345, 2358, 2390, 2461, 2471, 2525, 2545, 2590, 2625, 2640, 2646, 2662, 2699, 2722, 2761, 2775, 2810, 2828]","[0, 5, 70, 188, 197, 279, 321, 500, 543, 560, 614, 629, 650, 658, 692, 852, 868, 998, 1026, 1048, 1093, 1182, 1232, 1239, 1257, 1496, 1541, 1554, 1572, 1663, 1731, 1755, 1867, 1895, 1935, 1976, 1996, 2004, 2053, 2092, 2114, 2171, 2216, 2236, 2242, 2327, 2345, 2358, 2390, 2471, 2525, 2533, 2543, 2619, 2625, 2722, 2761, 2775, 2810, 2828]",58.0,1.030323243699968
dry-beans-noise__n_segments=80__n_observations=2828,484,ecp,0.7877192051475981,0.0261669024045261,0.0028288543140028,0.0261669024045261,"[0, 5, 70, 188, 197, 279, 321, 373, 386, 445, 449, 500, 543, 560, 614, 629, 650, 692, 832, 836, 852, 870, 899, 905, 943, 998, 1026, 1048, 1094, 1183, 1192, 1232, 1239, 1257, 1316, 1320, 1343, 1498, 1541, 1572, 1662, 1667, 1691, 1702, 1731, 1735, 1748, 1755, 1809, 1867, 1896, 1936, 1976, 1996, 2004, 2054, 2092, 2114, 2171, 2216, 2238, 2243, 2327, 2345, 2358, 2390, 2461, 2471, 2525, 2545, 2590, 2625, 2640, 2646, 2662, 2699, 2722, 2761, 2775, 2810, 2828]","[0.0, 5.0, 70.0, 197.0, 279.0, 321.0, 373.0, 386.0, 543.0, 560.0, 614.0, 629.0, 650.0, 658.0, 692.0, 852.0, 998.0, 1026.0, 1048.0, 1093.0, 1183.0, 1232.0, 1316.0, 1320.0, 1498.0, 1541.0, 1572.0, 1664.0, 1691.0, 1702.0, 1731.0, 1755.0, 1867.0, 1895.0, 1936.0, 1976.0, 1996.0, 2004.0, 2053.0, 2092.0, 2114.0, 2171.0, 2216.0, 2238.0, 2327.0, 2345.0, 2390.0, 2471.0, 2625.0, 2722.0, 2761.0, 2775.0, 2810.0, 2828.0]",52.0,297.58233105996624
dry-beans-noise__n_segments=80__n_observations=2828,484,multirank,0.8201048252602233,0.0194483734087694,0.0272277227722772,0.0272277227722772,"[0, 5, 70, 188, 197, 279, 321, 373, 386, 445, 449, 500, 543, 560, 614, 629, 650, 692, 832, 836, 852, 870, 899, 905, 943, 998, 1026, 1048, 1094, 1183, 1192, 1232, 1239, 1257, 1316, 1320, 1343, 1498, 1541, 1572, 1662, 1667, 1691, 1702, 1731, 1735, 1748, 1755, 1809, 1867, 1896, 1936, 1976, 1996, 2004, 2054, 2092, 2114, 2171, 2216, 2238, 2243, 2327, 2345, 2358, 2390, 2461, 2471, 2525, 2545, 2590, 2625, 2640, 2646, 2662, 2699, 2722, 2761, 2775, 2810, 2828]","[0, 5, 71, 124, 125, 141, 142, 159, 160, 171, 172, 189, 197, 279, 321, 373, 386, 500, 543, 560, 614, 629, 649, 692, 836, 852, 943, 998, 1026, 1048, 1094, 1129, 1130, 1183, 1194, 1232, 1239, 1242, 1257, 1330, 1331, 1342, 1395, 1396, 1419, 1420, 1460, 1461, 1498, 1541, 1572, 1664, 1731, 1755, 1809, 1867, 1896, 1934, 1976, 1996, 2004, 2054, 2055, 2070, 2071, 2092, 2114, 2127, 2129, 2171, 2216, 2238, 2327, 2345, 2356, 2390, 2461, 2471, 2525, 2546, 2547, 2590, 2625, 2662, 2699, 2722, 2761, 2774, 2810, 2828]",88.0,33.435081246774644
dry-beans-noise__n_segments=80__n_observations=2828,484,kernseg_rbf,0.0,0.4748939179632249,0.0,0.4748939179632249,"[0, 5, 70, 188, 197, 279, 321, 373, 386, 445, 449, 500, 543, 560, 614, 629, 650, 692, 832, 836, 852, 870, 899, 905, 943, 998, 1026, 1048, 1094, 1183, 1192, 1232, 1239, 1257, 1316, 1320, 1343, 1498, 1541, 1572, 1662, 1667, 1691, 1702, 1731, 1735, 1748, 1755, 1809, 1867, 1896, 1936, 1976, 1996, 2004, 2054, 2092, 2114, 2171, 2216, 2238, 2243, 2327, 2345, 2358, 2390, 2461, 2471, 2525, 2545, 2590, 2625, 2640, 2646, 2662, 2699, 2722, 2761, 2775, 2810, 2828]","[0, 2828]",0.0,4.153823859989643
dry-beans-noise__n_segments=80__n_observations=4000,484,changeforest_bs,0.9606251882000948,0.02075,0.008,0.02075,"[0, 8, 99, 265, 278, 395, 454, 528, 546, 629, 635, 707, 767, 792, 868, 890, 920, 979, 1177, 1182, 1205, 1230, 1271, 1280, 1333, 1412, 1452, 1482, 1548, 1673, 1686, 1742, 1753, 1777, 1861, 1866, 1899, 2119, 2180, 2224, 2350, 2358, 2392, 2408, 2448, 2454, 2473, 2482, 2559, 2641, 2682, 2739, 2795, 2823, 2835, 2905, 2960, 2990, 3071, 3134, 3165, 3173, 3291, 3317, 3336, 3381, 3481, 3495, 3571, 3600, 3663, 3713, 3734, 3743, 3765, 3817, 3850, 3905, 3925, 3975, 4000]","[0, 8, 99, 265, 278, 396, 454, 629, 635, 707, 767, 792, 868, 890, 920, 979, 1177, 1182, 1205, 1230, 1271, 1280, 1333, 1412, 1453, 1482, 1548, 1673, 1686, 1742, 1755, 1777, 1866, 1899, 2119, 2180, 2224, 2350, 2358, 2392, 2408, 2447, 2454, 2465, 2473, 2482, 2558, 2641, 2682, 2738, 2791, 2823, 2835, 2905, 2960, 2990, 3022, 3071, 3132, 3165, 3173, 3290, 3317, 3336, 3381, 3481, 3496, 3572, 3600, 3663, 3713, 3734, 3743, 3766, 3806, 3817, 3850, 3905, 3925, 3975, 3987, 4000]",80.0,1.5464919372461736
dry-beans-noise__n_segments=80__n_observations=4000,484,changekNN_bs,0.8995235542264989,0.0205,0.008,0.0205,"[0, 8, 99, 265, 278, 395, 454, 528, 546, 629, 635, 707, 767, 792, 868, 890, 920, 979, 1177, 1182, 1205, 1230, 1271, 1280, 1333, 1412, 1452, 1482, 1548, 1673, 1686, 1742, 1753, 1777, 1861, 1866, 1899, 2119, 2180, 2224, 2350, 2358, 2392, 2408, 2448, 2454, 2473, 2482, 2559, 2641, 2682, 2739, 2795, 2823, 2835, 2905, 2960, 2990, 3071, 3134, 3165, 3173, 3291, 3317, 3336, 3381, 3481, 3495, 3571, 3600, 3663, 3713, 3734, 3743, 3765, 3817, 3850, 3905, 3925, 3975, 4000]","[0, 8, 99, 265, 280, 396, 453, 628, 635, 667, 707, 792, 868, 890, 920, 979, 1177, 1182, 1205, 1230, 1271, 1280, 1333, 1422, 1445, 1453, 1482, 1535, 1548, 1671, 1755, 1777, 1861, 1866, 1899, 2139, 2180, 2226, 2350, 2408, 2447, 2454, 2473, 2482, 2559, 2641, 2683, 2738, 2823, 2835, 2903, 2960, 2990, 3011, 3071, 3134, 3165, 3173, 3289, 3317, 3336, 3381, 3487, 3572, 3600, 3664, 3713, 3734, 3743, 3766, 3907, 3928, 3975, 3980, 4000]",73.0,2.108143963851034
dry-beans-noise__n_segments=80__n_observations=4000,484,ecp,0.899264352847256,0.01375,0.00275,0.01375,"[0, 8, 99, 265, 278, 395, 454, 528, 546, 629, 635, 707, 767, 792, 868, 890, 920, 979, 1177, 1182, 1205, 1230, 1271, 1280, 1333, 1412, 1452, 1482, 1548, 1673, 1686, 1742, 1753, 1777, 1861, 1866, 1899, 2119, 2180, 2224, 2350, 2358, 2392, 2408, 2448, 2454, 2473, 2482, 2559, 2641, 2682, 2739, 2795, 2823, 2835, 2905, 2960, 2990, 3071, 3134, 3165, 3173, 3291, 3317, 3336, 3381, 3481, 3495, 3571, 3600, 3663, 3713, 3734, 3743, 3765, 3817, 3850, 3905, 3925, 3975, 4000]","[0.0, 8.0, 100.0, 280.0, 396.0, 454.0, 528.0, 546.0, 629.0, 707.0, 792.0, 868.0, 890.0, 920.0, 979.0, 1182.0, 1205.0, 1230.0, 1271.0, 1280.0, 1333.0, 1412.0, 1482.0, 1548.0, 1673.0, 1755.0, 1777.0, 1861.0, 1866.0, 2120.0, 2180.0, 2224.0, 2355.0, 2392.0, 2454.0, 2473.0, 2559.0, 2641.0, 2738.0, 2823.0, 2835.0, 2949.0, 2990.0, 3071.0, 3134.0, 3165.0, 3173.0, 3290.0, 3317.0, 3336.0, 3381.0, 3496.0, 3572.0, 3600.0, 3663.0, 3713.0, 3734.0, 3765.0, 3905.0, 3975.0, 4000.0]",59.0,604.2510531893931
dry-beans-noise__n_segments=80__n_observations=4000,484,multirank,0.9007893234308332,0.0085,0.01575,0.01575,"[0, 8, 99, 265, 278, 395, 454, 528, 546, 629, 635, 707, 767, 792, 868, 890, 920, 979, 1177, 1182, 1205, 1230, 1271, 1280, 1333, 1412, 1452, 1482, 1548, 1673, 1686, 1742, 1753, 1777, 1861, 1866, 1899, 2119, 2180, 2224, 2350, 2358, 2392, 2408, 2448, 2454, 2473, 2482, 2559, 2641, 2682, 2739, 2795, 2823, 2835, 2905, 2960, 2990, 3071, 3134, 3165, 3173, 3291, 3317, 3336, 3381, 3481, 3495, 3571, 3600, 3663, 3713, 3734, 3743, 3765, 3817, 3850, 3905, 3925, 3975, 4000]","[0, 8, 99, 141, 142, 159, 160, 202, 203, 237, 238, 265, 278, 397, 454, 528, 546, 629, 710, 767, 792, 868, 890, 920, 988, 1182, 1183, 1205, 1230, 1282, 1283, 1329, 1341, 1342, 1412, 1430, 1431, 1452, 1482, 1548, 1673, 1686, 1741, 1754, 1866, 1899, 2119, 2179, 2180, 2225, 2250, 2251, 2350, 2396, 2398, 2408, 2448, 2559, 2641, 2682, 2738, 2794, 2835, 2905, 2917, 2919, 2960, 2990, 3087, 3088, 3134, 3173, 3291, 3317, 3381, 3481, 3495, 3571, 3602, 3603, 3663, 3713, 3743, 3766, 3817, 3850, 3909, 3910, 3975, 4000]",88.0,73.72158247232437
dry-beans-noise__n_segments=80__n_observations=4000,484,kernseg_rbf,0.0,0.47475,0.0,0.47475,"[0, 8, 99, 265, 278, 395, 454, 528, 546, 629, 635, 707, 767, 792, 868, 890, 920, 979, 1177, 1182, 1205, 1230, 1271, 1280, 1333, 1412, 1452, 1482, 1548, 1673, 1686, 1742, 1753, 1777, 1861, 1866, 1899, 2119, 2180, 2224, 2350, 2358, 2392, 2408, 2448, 2454, 2473, 2482, 2559, 2641, 2682, 2739, 2795, 2823, 2835, 2905, 2960, 2990, 3071, 3134, 3165, 3173, 3291, 3317, 3336, 3381, 3481, 3495, 3571, 3600, 3663, 3713, 3734, 3743, 3765, 3817, 3850, 3905, 3925, 3975, 4000]","[0, 4000]",0.0,7.6667150049470365
dry-beans-noise__n_segments=80__n_observations=5656,484,changeforest_bs,0.9783460430351462,0.0088401697312588,0.0056577086280056,0.0088401697312588,"[0, 11, 140, 375, 393, 558, 642, 747, 772, 889, 898, 1000, 1085, 1119, 1227, 1258, 1301, 1384, 1664, 1672, 1704, 1739, 1798, 1810, 1885, 1996, 2053, 2095, 2188, 2366, 2384, 2463, 2479, 2513, 2632, 2639, 2685, 2997, 3083, 3144, 3324, 3334, 3382, 3405, 3462, 3470, 3496, 3509, 3618, 3734, 3792, 3873, 3952, 3991, 4009, 4108, 4185, 4228, 4343, 4432, 4475, 4486, 4654, 4691, 4717, 4781, 4923, 4942, 5050, 5090, 5180, 5250, 5280, 5293, 5324, 5398, 5444, 5522, 5551, 5621, 5656]","[0, 11, 140, 375, 393, 558, 642, 747, 772, 889, 898, 1000, 1085, 1119, 1227, 1258, 1301, 1384, 1664, 1672, 1704, 1739, 1798, 1810, 1885, 1996, 2053, 2095, 2188, 2366, 2384, 2513, 2629, 2639, 2685, 2997, 3082, 3144, 3324, 3382, 3395, 3405, 3461, 3470, 3496, 3618, 3733, 3792, 3873, 3952, 4009, 4039, 4108, 4185, 4197, 4228, 4311, 4342, 4432, 4475, 4486, 4654, 4691, 4717, 4781, 4923, 4943, 5051, 5090, 5180, 5251, 5280, 5293, 5324, 5336, 5398, 5444, 5522, 5551, 5621, 5656]",79.0,2.0922744013369083
dry-beans-noise__n_segments=80__n_observations=5656,484,changekNN_bs,0.9602170468238256,0.0134370579915134,0.0051272984441301,0.0134370579915134,"[0, 11, 140, 375, 393, 558, 642, 747, 772, 889, 898, 1000, 1085, 1119, 1227, 1258, 1301, 1384, 1664, 1672, 1704, 1739, 1798, 1810, 1885, 1996, 2053, 2095, 2188, 2366, 2384, 2463, 2479, 2513, 2632, 2639, 2685, 2997, 3083, 3144, 3324, 3334, 3382, 3405, 3462, 3470, 3496, 3509, 3618, 3734, 3792, 3873, 3952, 3991, 4009, 4108, 4185, 4228, 4343, 4432, 4475, 4486, 4654, 4691, 4717, 4781, 4923, 4942, 5050, 5090, 5180, 5250, 5280, 5293, 5324, 5398, 5444, 5522, 5551, 5621, 5656]","[0, 11, 140, 373, 393, 558, 642, 747, 772, 889, 1000, 1085, 1227, 1258, 1301, 1384, 1396, 1664, 1672, 1704, 1739, 1798, 1810, 1885, 1996, 2055, 2094, 2188, 2366, 2384, 2463, 2479, 2516, 2639, 2685, 2997, 3082, 3112, 3144, 3324, 3382, 3405, 3433, 3618, 3734, 3792, 3873, 3952, 4009, 4108, 4185, 4229, 4342, 4433, 4474, 4486, 4495, 4654, 4691, 4718, 4781, 4922, 4942, 5051, 5090, 5180, 5251, 5280, 5293, 5324, 5337, 5398, 5444, 5521, 5551, 5621, 5656]",75.0,4.249924028292298
dry-beans-noise__n_segments=80__n_observations=5656,484,ecp,0.9803877835024696,0.0068953323903818,0.0005304101838755,0.0068953323903818,"[0, 11, 140, 375, 393, 558, 642, 747, 772, 889, 898, 1000, 1085, 1119, 1227, 1258, 1301, 1384, 1664, 1672, 1704, 1739, 1798, 1810, 1885, 1996, 2053, 2095, 2188, 2366, 2384, 2463, 2479, 2513, 2632, 2639, 2685, 2997, 3083, 3144, 3324, 3334, 3382, 3405, 3462, 3470, 3496, 3509, 3618, 3734, 3792, 3873, 3952, 3991, 4009, 4108, 4185, 4228, 4343, 4432, 4475, 4486, 4654, 4691, 4717, 4781, 4923, 4942, 5050, 5090, 5180, 5250, 5280, 5293, 5324, 5398, 5444, 5522, 5551, 5621, 5656]","[0.0, 11.0, 140.0, 375.0, 393.0, 558.0, 642.0, 747.0, 772.0, 889.0, 1000.0, 1085.0, 1227.0, 1258.0, 1301.0, 1384.0, 1664.0, 1672.0, 1704.0, 1739.0, 1798.0, 1885.0, 1996.0, 2092.0, 2188.0, 2366.0, 2384.0, 2463.0, 2479.0, 2513.0, 2639.0, 2685.0, 2997.0, 3082.0, 3144.0, 3324.0, 3382.0, 3405.0, 3462.0, 3470.0, 3496.0, 3618.0, 3734.0, 3792.0, 3873.0, 3952.0, 4009.0, 4108.0, 4185.0, 4229.0, 4342.0, 4433.0, 4486.0, 4654.0, 4691.0, 4717.0, 4781.0, 4922.0, 4942.0, 5051.0, 5090.0, 5180.0, 5251.0, 5280.0, 5293.0, 5324.0, 5399.0, 5444.0, 5522.0, 5551.0, 5621.0, 5656.0]",70.0,1482.5876940782182
dry-beans-noise__n_segments=80__n_observations=5656,484,multirank,0.8992269433725492,0.0194483734087694,0.0081329561527581,0.0194483734087694,"[0, 11, 140, 375, 393, 558, 642, 747, 772, 889, 898, 1000, 1085, 1119, 1227, 1258, 1301, 1384, 1664, 1672, 1704, 1739, 1798, 1810, 1885, 1996, 2053, 2095, 2188, 2366, 2384, 2463, 2479, 2513, 2632, 2639, 2685, 2997, 3083, 3144, 3324, 3334, 3382, 3405, 3462, 3470, 3496, 3509, 3618, 3734, 3792, 3873, 3952, 3991, 4009, 4108, 4185, 4228, 4343, 4432, 4475, 4486, 4654, 4691, 4717, 4781, 4923, 4942, 5050, 5090, 5180, 5250, 5280, 5293, 5324, 5398, 5444, 5522, 5551, 5621, 5656]","[0, 141, 375, 391, 558, 747, 772, 898, 1000, 1069, 1119, 1164, 1165, 1227, 1258, 1301, 1380, 1381, 1704, 1739, 1798, 1885, 1996, 2053, 2095, 2188, 2366, 2384, 2463, 2479, 2513, 2626, 2627, 2685, 2997, 3083, 3144, 3334, 3383, 3405, 3470, 3496, 3509, 3623, 3624, 3873, 3952, 4009, 4108, 4185, 4228, 4343, 4432, 4475, 4654, 4691, 4717, 4781, 4923, 5052, 5090, 5180, 5324, 5398, 5444, 5522, 5656]",65.0,162.61002117907628
dry-beans-noise__n_segments=80__n_observations=5656,484,kernseg_rbf,0.0,0.4747171145685997,0.0,0.4747171145685997,"[0, 11, 140, 375, 393, 558, 642, 747, 772, 889, 898, 1000, 1085, 1119, 1227, 1258, 1301, 1384, 1664, 1672, 1704, 1739, 1798, 1810, 1885, 1996, 2053, 2095, 2188, 2366, 2384, 2463, 2479, 2513, 2632, 2639, 2685, 2997, 3083, 3144, 3324, 3334, 3382, 3405, 3462, 3470, 3496, 3509, 3618, 3734, 3792, 3873, 3952, 3991, 4009, 4108, 4185, 4228, 4343, 4432, 4475, 4486, 4654, 4691, 4717, 4781, 4923, 4942, 5050, 5090, 5180, 5250, 5280, 5293, 5324, 5398, 5444, 5522, 5551, 5621, 5656]","[0, 5656]",0.0,13.242141743190588
dry-beans-noise__n_segments=80__n_observations=8000,484,changeforest_bs,0.96613753594569,0.0095,0.008125,0.0095,"[0, 16, 197, 531, 557, 789, 908, 1056, 1092, 1258, 1271, 1414, 1535, 1583, 1736, 1780, 1840, 1958, 2354, 2364, 2411, 2460, 2543, 2560, 2666, 2823, 2903, 2964, 3095, 3347, 3373, 3484, 3506, 3555, 3723, 3733, 3798, 4238, 4360, 4447, 4701, 4716, 4784, 4816, 4896, 4909, 4945, 4964, 5118, 5282, 5363, 5478, 5590, 5645, 5670, 5810, 5919, 5981, 6143, 6269, 6330, 6345, 6583, 6635, 6672, 6762, 6963, 6989, 7142, 7200, 7327, 7426, 7468, 7486, 7531, 7635, 7699, 7811, 7851, 7950, 8000]","[0, 16, 197, 531, 557, 789, 908, 1056, 1092, 1258, 1271, 1414, 1504, 1534, 1583, 1736, 1780, 1840, 1958, 2354, 2365, 2411, 2461, 2543, 2560, 2637, 2666, 2823, 2903, 2964, 3030, 3095, 3314, 3347, 3373, 3402, 3481, 3506, 3555, 3725, 3735, 3798, 4238, 4360, 4447, 4701, 4716, 4784, 4816, 4896, 4909, 4945, 4964, 5118, 5282, 5363, 5478, 5590, 5645, 5670, 5810, 5919, 5981, 6143, 6269, 6582, 6635, 6672, 6762, 6963, 7008, 7142, 7200, 7327, 7426, 7468, 7481, 7499, 7531, 7635, 7698, 7811, 7848, 7870, 7950, 8000]",84.0,2.988813389092684
dry-beans-noise__n_segments=80__n_observations=8000,484,changekNN_bs,0.9378383199228102,0.0145,0.004375,0.0145,"[0, 16, 197, 531, 557, 789, 908, 1056, 1092, 1258, 1271, 1414, 1535, 1583, 1736, 1780, 1840, 1958, 2354, 2364, 2411, 2460, 2543, 2560, 2666, 2823, 2903, 2964, 3095, 3347, 3373, 3484, 3506, 3555, 3723, 3733, 3798, 4238, 4360, 4447, 4701, 4716, 4784, 4816, 4896, 4909, 4945, 4964, 5118, 5282, 5363, 5478, 5590, 5645, 5670, 5810, 5919, 5981, 6143, 6269, 6330, 6345, 6583, 6635, 6672, 6762, 6963, 6989, 7142, 7200, 7327, 7426, 7468, 7486, 7531, 7635, 7699, 7811, 7851, 7950, 8000]","[0, 16, 197, 531, 556, 789, 908, 1056, 1092, 1258, 1271, 1414, 1449, 1583, 1767, 1780, 1840, 1958, 2354, 2411, 2459, 2470, 2560, 2666, 2823, 2903, 2964, 3069, 3095, 3352, 3373, 3481, 3506, 3555, 3722, 3733, 3798, 4238, 4330, 4360, 4447, 4701, 4716, 4784, 4816, 4896, 4909, 4963, 5118, 5282, 5293, 5363, 5478, 5590, 5645, 5670, 5810, 5919, 5981, 6143, 6269, 6583, 6635, 6672, 6762, 6963, 7200, 7327, 7426, 7439, 7468, 7635, 7695, 7950, 8000]",73.0,8.64921131497249
dry-beans-noise__n_segments=80__n_observations=8000,484,ecp,0.9298194917814732,0.0145,0.0005,0.0145,"[0, 16, 197, 531, 557, 789, 908, 1056, 1092, 1258, 1271, 1414, 1535, 1583, 1736, 1780, 1840, 1958, 2354, 2364, 2411, 2460, 2543, 2560, 2666, 2823, 2903, 2964, 3095, 3347, 3373, 3484, 3506, 3555, 3723, 3733, 3798, 4238, 4360, 4447, 4701, 4716, 4784, 4816, 4896, 4909, 4945, 4964, 5118, 5282, 5363, 5478, 5590, 5645, 5670, 5810, 5919, 5981, 6143, 6269, 6330, 6345, 6583, 6635, 6672, 6762, 6963, 6989, 7142, 7200, 7327, 7426, 7468, 7486, 7531, 7635, 7699, 7811, 7851, 7950, 8000]","[0.0, 16.0, 197.0, 531.0, 789.0, 908.0, 1056.0, 1092.0, 1258.0, 1271.0, 1414.0, 1583.0, 1780.0, 1840.0, 1958.0, 2354.0, 2411.0, 2461.0, 2560.0, 2666.0, 2823.0, 2903.0, 2964.0, 3095.0, 3373.0, 3484.0, 3506.0, 3555.0, 3733.0, 3798.0, 4238.0, 4360.0, 4447.0, 4701.0, 4716.0, 4784.0, 4816.0, 4896.0, 4909.0, 5118.0, 5282.0, 5363.0, 5478.0, 5590.0, 5645.0, 5670.0, 5810.0, 5919.0, 5981.0, 6143.0, 6269.0, 6583.0, 6635.0, 6672.0, 6762.0, 6963.0, 7200.0, 7327.0, 7426.0, 7468.0, 7635.0, 7695.0, 7950.0, 8000.0]",62.0,3355.44593647914
dry-beans-noise__n_segments=80__n_observations=8000,484,multirank,0.8713265072831242,0.028875,0.004,0.028875,"[0, 16, 197, 531, 557, 789, 908, 1056, 1092, 1258, 1271, 1414, 1535, 1583, 1736, 1780, 1840, 1958, 2354, 2364, 2411, 2460, 2543, 2560, 2666, 2823, 2903, 2964, 3095, 3347, 3373, 3484, 3506, 3555, 3723, 3733, 3798, 4238, 4360, 4447, 4701, 4716, 4784, 4816, 4896, 4909, 4945, 4964, 5118, 5282, 5363, 5478, 5590, 5645, 5670, 5810, 5919, 5981, 6143, 6269, 6330, 6345, 6583, 6635, 6672, 6762, 6963, 6989, 7142, 7200, 7327, 7426, 7468, 7486, 7531, 7635, 7699, 7811, 7851, 7950, 8000]","[0, 16, 197, 531, 789, 908, 1056, 1092, 1253, 1254, 1414, 1534, 1583, 1736, 1780, 1840, 1871, 1872, 1958, 2357, 2411, 2460, 2543, 2666, 2823, 2903, 2964, 3094, 3373, 3555, 3723, 3798, 4238, 4360, 4447, 4716, 4784, 4816, 4896, 4964, 5118, 5282, 5376, 5377, 5478, 5590, 5645, 5670, 5810, 6143, 6269, 6583, 6635, 6762, 6963, 6987, 7142, 7200, 7327, 7426, 7468, 7950, 8000]",61.0,335.75201295362785
dry-beans-noise__n_segments=80__n_observations=8000,484,kernseg_rbf,0.0,0.47475,0.0,0.47475,"[0, 16, 197, 531, 557, 789, 908, 1056, 1092, 1258, 1271, 1414, 1535, 1583, 1736, 1780, 1840, 1958, 2354, 2364, 2411, 2460, 2543, 2560, 2666, 2823, 2903, 2964, 3095, 3347, 3373, 3484, 3506, 3555, 3723, 3733, 3798, 4238, 4360, 4447, 4701, 4716, 4784, 4816, 4896, 4909, 4945, 4964, 5118, 5282, 5363, 5478, 5590, 5645, 5670, 5810, 5919, 5981, 6143, 6269, 6330, 6345, 6583, 6635, 6672, 6762, 6963, 6989, 7142, 7200, 7327, 7426, 7468, 7486, 7531, 7635, 7699, 7811, 7851, 7950, 8000]","[0, 8000]",0.0,26.490084185265005
dry-beans-noise__n_segments=80__n_observations=11313,484,changeforest_bs,0.9845310171214656,0.0054804207548837,0.0034473614425881,0.0054804207548837,"[0, 22, 279, 750, 787, 1116, 1284, 1493, 1544, 1779, 1797, 1999, 2171, 2239, 2455, 2517, 2602, 2768, 3328, 3343, 3409, 3478, 3596, 3620, 3771, 3992, 4106, 4191, 4377, 4733, 4769, 4927, 4958, 5027, 5265, 5279, 5371, 5994, 6166, 6289, 6648, 6668, 6765, 6810, 6924, 6941, 6993, 7019, 7237, 7469, 7584, 7747, 7906, 7983, 8019, 8217, 8370, 8457, 8686, 8865, 8951, 8973, 9309, 9382, 9434, 9562, 9846, 9884, 10100, 10182, 10361, 10501, 10560, 10587, 10649, 10796, 10888, 11045, 11102, 11243, 11313]","[0, 22, 279, 713, 750, 787, 1116, 1284, 1493, 1544, 1779, 1797, 1999, 2171, 2244, 2455, 2517, 2602, 2768, 3328, 3343, 3409, 3478, 3597, 3620, 3771, 3992, 4106, 4191, 4377, 4733, 4769, 4926, 4958, 5027, 5263, 5279, 5371, 5994, 6166, 6289, 6648, 6668, 6765, 6811, 6924, 6941, 6993, 7020, 7206, 7231, 7247, 7469, 7581, 7747, 7906, 7983, 8018, 8217, 8370, 8433, 8457, 8686, 8865, 8951, 8974, 9309, 9382, 9429, 9473, 9562, 9846, 9884, 10100, 10182, 10361, 10501, 10649, 10796, 10888, 11045, 11102, 11243, 11313]",82.0,4.102695751003921
dry-beans-noise__n_segments=80__n_observations=11313,484,changekNN_bs,0.942991484589497,0.0118447803412003,0.0060107840537434,0.0118447803412003,"[0, 22, 279, 750, 787, 1116, 1284, 1493, 1544, 1779, 1797, 1999, 2171, 2239, 2455, 2517, 2602, 2768, 3328, 3343, 3409, 3478, 3596, 3620, 3771, 3992, 4106, 4191, 4377, 4733, 4769, 4927, 4958, 5027, 5265, 5279, 5371, 5994, 6166, 6289, 6648, 6668, 6765, 6810, 6924, 6941, 6993, 7019, 7237, 7469, 7584, 7747, 7906, 7983, 8019, 8217, 8370, 8457, 8686, 8865, 8951, 8973, 9309, 9382, 9434, 9562, 9846, 9884, 10100, 10182, 10361, 10501, 10560, 10587, 10649, 10796, 10888, 11045, 11102, 11243, 11313]","[0, 22, 279, 682, 750, 787, 1116, 1284, 1488, 1544, 1779, 1797, 1999, 2174, 2455, 2517, 2602, 2769, 3462, 3478, 3596, 3620, 3771, 3992, 4106, 4191, 4377, 4733, 4772, 4927, 4958, 5027, 5265, 5280, 5370, 5994, 6166, 6290, 6648, 6668, 6768, 6813, 6924, 6941, 6993, 7019, 7233, 7488, 7581, 7747, 7906, 7983, 8020, 8217, 8370, 8457, 8686, 8875, 8951, 8973, 9289, 9310, 9382, 9434, 9562, 9846, 9884, 10102, 10181, 10361, 10501, 10649, 10796, 10888, 11040, 11102, 11243, 11313]",76.0,17.548261378891766
dry-beans-noise__n_segments=80__n_observations=11313,484,multirank,0.8573992975492525,0.0323521612304428,0.0129055069389198,0.0323521612304428,"[0, 22, 279, 750, 787, 1116, 1284, 1493, 1544, 1779, 1797, 1999, 2171, 2239, 2455, 2517, 2602, 2768, 3328, 3343, 3409, 3478, 3596, 3620, 3771, 3992, 4106, 4191, 4377, 4733, 4769, 4927, 4958, 5027, 5265, 5279, 5371, 5994, 6166, 6289, 6648, 6668, 6765, 6810, 6924, 6941, 6993, 7019, 7237, 7469, 7584, 7747, 7906, 7983, 8019, 8217, 8370, 8457, 8686, 8865, 8951, 8973, 9309, 9382, 9434, 9562, 9846, 9884, 10100, 10182, 10361, 10501, 10560, 10587, 10649, 10796, 10888, 11045, 11102, 11243, 11313]","[0, 279, 1116, 1256, 1257, 1284, 1493, 1544, 1797, 1877, 1878, 1999, 2171, 2239, 2517, 2602, 2769, 3409, 3478, 3596, 3648, 3649, 3771, 3992, 4106, 4191, 4377, 4733, 4928, 4958, 5265, 5371, 5994, 6166, 6289, 6668, 6765, 6810, 6924, 7019, 7237, 7469, 7583, 7747, 7906, 7983, 8217, 8370, 8457, 8686, 8865, 9163, 9164, 9309, 9382, 9434, 9884, 10100, 10182, 10361, 10501, 10649, 10796, 10888, 11045, 11102, 11243, 11313]",66.0,709.1001886720769
dry-beans-noise__n_segments=80__n_observations=11313,484,kernseg_rbf,0.0,0.4747635463625917,0.0,0.4747635463625917,"[0, 22, 279, 750, 787, 1116, 1284, 1493, 1544, 1779, 1797, 1999, 2171, 2239, 2455, 2517, 2602, 2768, 3328, 3343, 3409, 3478, 3596, 3620, 3771, 3992, 4106, 4191, 4377, 4733, 4769, 4927, 4958, 5027, 5265, 5279, 5371, 5994, 6166, 6289, 6648, 6668, 6765, 6810, 6924, 6941, 6993, 7019, 7237, 7469, 7584, 7747, 7906, 7983, 8019, 8217, 8370, 8457, 8686, 8865, 8951, 8973, 9309, 9382, 9434, 9562, 9846, 9884, 10100, 10182, 10361, 10501, 10560, 10587, 10649, 10796, 10888, 11045, 11102, 11243, 11313]","[0, 11313]",0.0,55.1350395353511
dry-beans-noise__n_segments=80__n_observations=16000,484,changeforest_bs,0.9943179526519368,0.0004375,0.0029375,0.0029375,"[0, 31, 395, 1061, 1113, 1578, 1816, 2112, 2184, 2516, 2541, 2828, 3070, 3166, 3472, 3559, 3680, 3915, 4707, 4729, 4821, 4919, 5085, 5120, 5333, 5646, 5807, 5927, 6190, 6694, 6745, 6968, 7013, 7109, 7446, 7466, 7596, 8477, 8720, 8895, 9402, 9431, 9567, 9631, 9793, 9817, 9891, 9927, 10236, 10564, 10726, 10956, 11181, 11291, 11341, 11621, 11838, 11961, 12285, 12537, 12659, 12691, 13165, 13270, 13343, 13524, 13925, 13979, 14285, 14400, 14653, 14851, 14935, 14973, 15062, 15269, 15399, 15621, 15702, 15901, 16000]","[0, 31, 395, 1061, 1113, 1578, 1816, 2112, 2184, 2516, 2541, 2828, 3070, 3166, 3472, 3558, 3680, 3915, 4706, 4729, 4821, 4919, 5083, 5104, 5124, 5333, 5646, 5807, 5927, 6190, 6687, 6745, 6968, 7013, 7109, 7445, 7466, 7596, 8477, 8720, 8895, 9402, 9431, 9567, 9631, 9792, 9815, 9891, 9927, 10236, 10564, 10725, 10769, 10956, 11181, 11291, 11341, 11621, 11838, 11959, 11985, 12285, 12537, 12558, 12659, 12691, 13165, 13269, 13343, 13524, 13925, 13979, 14285, 14400, 14651, 14851, 14935, 14973, 15062, 15269, 15316, 15399, 15621, 15702, 15901, 16000]",84.0,5.6737752831541
dry-beans-noise__n_segments=80__n_observations=16000,484,changekNN_bs,0.988896637177947,0.00325,0.0033125,0.0033125,"[0, 31, 395, 1061, 1113, 1578, 1816, 2112, 2184, 2516, 2541, 2828, 3070, 3166, 3472, 3559, 3680, 3915, 4707, 4729, 4821, 4919, 5085, 5120, 5333, 5646, 5807, 5927, 6190, 6694, 6745, 6968, 7013, 7109, 7446, 7466, 7596, 8477, 8720, 8895, 9402, 9431, 9567, 9631, 9793, 9817, 9891, 9927, 10236, 10564, 10726, 10956, 11181, 11291, 11341, 11621, 11838, 11961, 12285, 12537, 12659, 12691, 13165, 13270, 13343, 13524, 13925, 13979, 14285, 14400, 14653, 14851, 14935, 14973, 15062, 15269, 15399, 15621, 15702, 15901, 16000]","[0, 31, 395, 1061, 1100, 1578, 1815, 2112, 2184, 2516, 2542, 2820, 3070, 3157, 3178, 3472, 3560, 3680, 3915, 4707, 4729, 4821, 4919, 5080, 5101, 5121, 5333, 5646, 5806, 5927, 6190, 6746, 6968, 7013, 7109, 7446, 7466, 7596, 8477, 8720, 8895, 9402, 9431, 9565, 9630, 9776, 9799, 9894, 9922, 10236, 10563, 10726, 10956, 11181, 11289, 11341, 11621, 11838, 11957, 12285, 12537, 12659, 12691, 13165, 13270, 13343, 13524, 13928, 13979, 14285, 14338, 14400, 14651, 14851, 14935, 14973, 15062, 15269, 15399, 15621, 15702, 15901, 16000]",81.0,36.94482552818954
dry-beans-noise__n_segments=80__n_observations=16000,484,multirank,0.9162150594712866,0.014875,0.000125,0.014875,"[0, 31, 395, 1061, 1113, 1578, 1816, 2112, 2184, 2516, 2541, 2828, 3070, 3166, 3472, 3559, 3680, 3915, 4707, 4729, 4821, 4919, 5085, 5120, 5333, 5646, 5807, 5927, 6190, 6694, 6745, 6968, 7013, 7109, 7446, 7466, 7596, 8477, 8720, 8895, 9402, 9431, 9567, 9631, 9793, 9817, 9891, 9927, 10236, 10564, 10726, 10956, 11181, 11291, 11341, 11621, 11838, 11961, 12285, 12537, 12659, 12691, 13165, 13270, 13343, 13524, 13925, 13979, 14285, 14400, 14653, 14851, 14935, 14973, 15062, 15269, 15399, 15621, 15702, 15901, 16000]","[0, 395, 1061, 1816, 2184, 2516, 2541, 2828, 3070, 3166, 3472, 3680, 3913, 4821, 4919, 5085, 5334, 5646, 5807, 5927, 6190, 6694, 7013, 7109, 7466, 7596, 8477, 8895, 9431, 9793, 9891, 9927, 10236, 10564, 10726, 10958, 11181, 11291, 11341, 11621, 11838, 11961, 12285, 12537, 12659, 13165, 13343, 13524, 13979, 14285, 14400, 14653, 14851, 15062, 15269, 15399, 15621, 15702, 15901, 16000]",58.0,1382.759159367066
dry-beans-noise__n_segments=80__n_observations=16000,484,kernseg_rbf,0.0,0.47475,0.0,0.47475,"[0, 31, 395, 1061, 1113, 1578, 1816, 2112, 2184, 2516, 2541, 2828, 3070, 3166, 3472, 3559, 3680, 3915, 4707, 4729, 4821, 4919, 5085, 5120, 5333, 5646, 5807, 5927, 6190, 6694, 6745, 6968, 7013, 7109, 7446, 7466, 7596, 8477, 8720, 8895, 9402, 9431, 9567, 9631, 9793, 9817, 9891, 9927, 10236, 10564, 10726, 10956, 11181, 11291, 11341, 11621, 11838, 11961, 12285, 12537, 12659, 12691, 13165, 13270, 13343, 13524, 13925, 13979, 14285, 14400, 14653, 14851, 14935, 14973, 15062, 15269, 15399, 15621, 15702, 15901, 16000]","[0, 16000]",0.0,112.4782560118474
dry-beans-noise__n_segments=80__n_observations=22627,484,changeforest_bs,0.9923401781458748,0.0003093649180182,0.0028726742387413,0.0028726742387413,"[0, 44, 558, 1501, 1574, 2232, 2568, 2987, 3088, 3558, 3594, 3999, 4341, 4477, 4910, 5034, 5204, 5537, 6657, 6687, 6818, 6957, 7191, 7241, 7542, 7985, 8212, 8382, 8754, 9466, 9539, 9854, 9917, 10054, 10530, 10558, 10742, 11988, 12332, 12579, 13296, 13338, 13530, 13620, 13849, 13883, 13987, 14039, 14476, 14940, 15169, 15494, 15812, 15967, 16038, 16434, 16742, 16916, 17374, 17730, 17903, 17947, 18618, 18766, 18870, 19126, 19693, 19769, 20201, 20364, 20722, 21002, 21121, 21174, 21300, 21594, 21777, 22092, 22205, 22486, 22627]","[0, 44, 558, 1501, 1574, 2232, 2568, 2987, 3022, 3087, 3558, 3594, 3999, 4341, 4477, 4910, 5034, 5204, 5537, 6657, 6687, 6818, 6957, 7191, 7241, 7542, 7985, 8212, 8382, 8754, 9424, 9466, 9509, 9539, 9586, 9854, 9917, 10054, 10527, 10558, 10742, 11988, 12332, 12579, 13291, 13338, 13530, 13620, 13849, 13883, 13987, 14039, 14476, 14940, 15170, 15494, 15812, 15960, 16038, 16434, 16742, 16916, 17374, 17665, 17730, 17903, 17947, 18618, 18766, 18870, 19126, 19693, 19769, 20201, 20362, 20392, 20722, 21002, 21121, 21174, 21300, 21594, 21777, 22092, 22205, 22486, 22627]",85.0,7.258439243305474
dry-beans-noise__n_segments=80__n_observations=22627,484,changekNN_bs,0.975696016012071,0.0103416272594687,0.0032262341450479,0.0103416272594687,"[0, 44, 558, 1501, 1574, 2232, 2568, 2987, 3088, 3558, 3594, 3999, 4341, 4477, 4910, 5034, 5204, 5537, 6657, 6687, 6818, 6957, 7191, 7241, 7542, 7985, 8212, 8382, 8754, 9466, 9539, 9854, 9917, 10054, 10530, 10558, 10742, 11988, 12332, 12579, 13296, 13338, 13530, 13620, 13849, 13883, 13987, 14039, 14476, 14940, 15169, 15494, 15812, 15967, 16038, 16434, 16742, 16916, 17374, 17730, 17903, 17947, 18618, 18766, 18870, 19126, 19693, 19769, 20201, 20364, 20722, 21002, 21121, 21174, 21300, 21594, 21777, 22092, 22205, 22486, 22627]","[0, 44, 558, 1501, 1574, 2234, 2568, 2984, 3088, 3556, 3594, 3997, 4341, 4477, 4910, 5034, 5204, 5536, 6650, 6687, 6818, 6957, 7191, 7241, 7542, 7985, 8213, 8382, 8754, 9488, 9533, 9854, 9908, 10054, 10530, 10560, 10742, 11988, 12332, 12579, 13530, 13620, 13853, 13883, 13987, 14039, 14476, 14942, 15170, 15494, 15812, 15967, 16021, 16433, 16742, 16916, 17374, 17657, 17730, 17903, 17947, 18608, 18766, 18870, 19126, 19692, 19769, 20201, 20347, 20380, 20722, 21002, 21121, 21174, 21300, 21594, 21777, 22092, 22205, 22486, 22627]",79.0,75.58534611389041
dry-beans-noise__n_segments=80__n_observations=22627,484,kernseg_rbf,0.0,0.4747425641932205,0.0,0.4747425641932205,"[0, 44, 558, 1501, 1574, 2232, 2568, 2987, 3088, 3558, 3594, 3999, 4341, 4477, 4910, 5034, 5204, 5537, 6657, 6687, 6818, 6957, 7191, 7241, 7542, 7985, 8212, 8382, 8754, 9466, 9539, 9854, 9917, 10054, 10530, 10558, 10742, 11988, 12332, 12579, 13296, 13338, 13530, 13620, 13849, 13883, 13987, 14039, 14476, 14940, 15169, 15494, 15812, 15967, 16038, 16434, 16742, 16916, 17374, 17730, 17903, 17947, 18618, 18766, 18870, 19126, 19693, 19769, 20201, 20364, 20722, 21002, 21121, 21174, 21300, 21594, 21777, 22092, 22205, 22486, 22627]","[0, 22627]",0.0,230.1236988329329
dry-beans-noise__n_segments=80__n_observations=32000,484,changeforest_bs,0.9911227191460922,0.01009375,0.0013125,0.01009375,"[0, 62, 789, 2122, 2226, 3157, 3632, 4224, 4368, 5032, 5082, 5656, 6140, 6332, 6945, 7119, 7360, 7830, 9415, 9457, 9643, 9839, 10170, 10240, 10666, 11292, 11613, 11855, 12380, 13387, 13491, 13936, 14025, 14219, 14892, 14932, 15191, 16954, 17441, 17790, 18804, 18862, 19134, 19262, 19585, 19634, 19782, 19854, 20472, 21128, 21452, 21912, 22362, 22581, 22682, 23242, 23677, 23923, 24570, 25075, 25319, 25381, 26331, 26539, 26686, 27048, 27851, 27958, 28569, 28800, 29307, 29703, 29871, 29945, 30123, 30539, 30798, 31243, 31403, 31801, 32000]","[0, 62, 789, 2123, 2228, 3157, 3632, 4224, 4368, 5032, 5081, 5657, 6117, 6158, 6332, 6945, 7120, 7360, 7830, 9415, 9457, 9643, 9839, 10170, 10241, 10666, 11293, 11613, 11855, 12380, 13387, 13489, 13936, 14025, 14219, 14891, 14932, 15191, 16954, 17441, 17790, 18804, 18862, 19585, 19634, 19782, 19854, 20472, 21128, 21452, 21912, 22362, 22581, 22682, 23242, 23677, 23923, 24570, 25075, 25319, 25381, 26331, 26539, 26686, 27048, 27851, 27893, 27958, 28569, 28800, 29307, 29703, 29871, 29946, 30123, 30539, 30798, 31243, 31403, 31801, 32000]",79.0,9.88268708717078
dry-beans-noise__n_segments=80__n_observations=32000,484,changekNN_bs,0.9900636374417676,0.01009375,0.00265625,0.01009375,"[0, 62, 789, 2122, 2226, 3157, 3632, 4224, 4368, 5032, 5082, 5656, 6140, 6332, 6945, 7119, 7360, 7830, 9415, 9457, 9643, 9839, 10170, 10240, 10666, 11292, 11613, 11855, 12380, 13387, 13491, 13936, 14025, 14219, 14892, 14932, 15191, 16954, 17441, 17790, 18804, 18862, 19134, 19262, 19585, 19634, 19782, 19854, 20472, 21128, 21452, 21912, 22362, 22581, 22682, 23242, 23677, 23923, 24570, 25075, 25319, 25381, 26331, 26539, 26686, 27048, 27851, 27958, 28569, 28800, 29307, 29703, 29871, 29945, 30123, 30539, 30798, 31243, 31403, 31801, 32000]","[0, 62, 789, 2122, 2228, 3157, 3632, 4224, 4368, 5032, 5080, 5657, 6140, 6247, 6332, 6946, 7120, 7360, 7830, 9415, 9457, 9643, 9839, 10170, 10240, 10666, 11293, 11616, 11855, 12380, 13387, 13489, 13936, 14025, 14219, 14932, 15191, 16954, 17441, 17790, 18804, 18862, 19585, 19634, 19782, 19854, 20472, 21128, 21452, 21913, 22363, 22581, 22682, 23242, 23677, 23923, 24570, 25075, 25319, 25381, 26331, 26539, 26686, 27048, 27851, 27958, 28569, 28800, 29307, 29703, 29871, 29951, 30124, 30539, 30798, 31243, 31403, 31801, 32000]",77.0,155.26611539022997
dry-beans-noise__n_segments=80__n_observations=32000,484,kernseg_rbf,0.0,0.47471875,0.0,0.47471875,"[0, 62, 789, 2122, 2226, 3157, 3632, 4224, 4368, 5032, 5082, 5656, 6140, 6332, 6945, 7119, 7360, 7830, 9415, 9457, 9643, 9839, 10170, 10240, 10666, 11292, 11613, 11855, 12380, 13387, 13491, 13936, 14025, 14219, 14892, 14932, 15191, 16954, 17441, 17790, 18804, 18862, 19134, 19262, 19585, 19634, 19782, 19854, 20472, 21128, 21452, 21912, 22362, 22581, 22682, 23242, 23677, 23923, 24570, 25075, 25319, 25381, 26331, 26539, 26686, 27048, 27851, 27958, 28569, 28800, 29307, 29703, 29871, 29945, 30123, 30539, 30798, 31243, 31403, 31801, 32000]","[0, 32000]",0.0,456.25282202195376
dry-beans-noise__n_segments=80__n_observations=45254,484,changeforest_bs,0.9976765334545714,4.41949882883281e-05,0.0030715516860388,0.0030715516860388,"[0, 88, 1116, 3001, 3148, 4464, 5136, 5974, 6177, 7116, 7187, 7998, 8682, 8955, 9821, 10068, 10409, 11074, 13314, 13374, 13637, 13914, 14383, 14481, 15084, 15970, 16423, 16765, 17508, 18932, 19079, 19708, 19834, 20108, 21059, 21116, 21483, 23976, 24665, 25158, 26592, 26675, 27060, 27241, 27697, 27767, 27975, 28078, 28951, 29879, 30337, 30988, 31623, 31934, 32076, 32868, 33483, 33831, 34747, 35460, 35805, 35894, 37237, 37531, 37739, 38252, 39386, 39537, 40402, 40728, 41445, 42005, 42243, 42348, 42600, 43187, 43554, 44183, 44410, 44973, 45254]","[0, 88, 1116, 3001, 3067, 3148, 4464, 5136, 5974, 6177, 7116, 7187, 7998, 8682, 8955, 9821, 10068, 10409, 11074, 13314, 13374, 13637, 13717, 13914, 14383, 14481, 14945, 15084, 15970, 16423, 16765, 17508, 18932, 19079, 19708, 19834, 20108, 21058, 21116, 21485, 23976, 24665, 25158, 26590, 26675, 27060, 27241, 27697, 27767, 27975, 28078, 28951, 29879, 30337, 30988, 31623, 31934, 32076, 32868, 33483, 33831, 34747, 35460, 35805, 35894, 37237, 37531, 37739, 38252, 39386, 39537, 40402, 40728, 41446, 42005, 42243, 42348, 42600, 43188, 43555, 44183, 44410, 44973, 45254]",82.0,15.421108843758702
dry-beans-noise__n_segments=80__n_observations=45254,484,kernseg_rbf,0.0,0.4747204666990763,0.0,0.4747204666990763,"[0, 88, 1116, 3001, 3148, 4464, 5136, 5974, 6177, 7116, 7187, 7998, 8682, 8955, 9821, 10068, 10409, 11074, 13314, 13374, 13637, 13914, 14383, 14481, 15084, 15970, 16423, 16765, 17508, 18932, 19079, 19708, 19834, 20108, 21059, 21116, 21483, 23976, 24665, 25158, 26592, 26675, 27060, 27241, 27697, 27767, 27975, 28078, 28951, 29879, 30337, 30988, 31623, 31934, 32076, 32868, 33483, 33831, 34747, 35460, 35805, 35894, 37237, 37531, 37739, 38252, 39386, 39537, 40402, 40728, 41445, 42005, 42243, 42348, 42600, 43187, 43554, 44183, 44410, 44973, 45254]","[0, 45254]",0.0,905.4989173640496
dry-beans-noise__n_segments=80__n_observations=64000,484,changeforest_bs,0.998056911173704,0.000203125,0.00153125,0.00153125,"[0, 124, 1579, 4245, 4452, 6314, 7264, 8449, 8735, 10064, 10164, 11311, 12279, 12664, 13889, 14238, 14720, 15661, 18830, 18914, 19286, 19678, 20341, 20480, 21332, 22585, 23226, 23709, 24761, 26775, 26982, 27872, 28050, 28437, 29783, 29864, 30383, 33908, 34882, 35580, 37608, 37725, 38269, 38525, 39171, 39269, 39563, 39709, 40944, 42256, 42904, 43824, 44723, 45163, 45363, 46483, 47353, 47845, 49141, 50150, 50637, 50763, 52662, 53078, 53372, 54097, 55702, 55915, 57138, 57599, 58613, 59405, 59741, 59890, 60246, 61077, 61596, 62486, 62807, 63602, 64000]","[0, 124, 1579, 4245, 4452, 6314, 7264, 8449, 8735, 10064, 10164, 11311, 12279, 12362, 12664, 13889, 14238, 14720, 15661, 18830, 18911, 19286, 19678, 20341, 20480, 21332, 22575, 22667, 23226, 23709, 24761, 26775, 26982, 27872, 28050, 28148, 28437, 29783, 29864, 30383, 33908, 34882, 35580, 37595, 37725, 38269, 38525, 39171, 39269, 39563, 39709, 40944, 42257, 42904, 43824, 44723, 45163, 45363, 46483, 47353, 47845, 49141, 50150, 50637, 50763, 52662, 53078, 53373, 54097, 55702, 55915, 57138, 57599, 58613, 59405, 59741, 59890, 60246, 61077, 61596, 62486, 62574, 62807, 63602, 64000]",83.0,20.605796272866428
dry-beans-noise__n_segments=80__n_observations=90509,484,changeforest_bs,0.999744291211068,2.2097249997237845e-05,0.0016904396247886,0.0016904396247886,"[0, 176, 2233, 6003, 6296, 8929, 10273, 11948, 12353, 14232, 14374, 15996, 17365, 17910, 19642, 20135, 20818, 22147, 26629, 26749, 27274, 27828, 28766, 28962, 30168, 31940, 32847, 33530, 35017, 37865, 38157, 39416, 39669, 40216, 42119, 42233, 42967, 47952, 49330, 50317, 53185, 53351, 54120, 54482, 55395, 55534, 55951, 56156, 57903, 59759, 60675, 61976, 63248, 63869, 64153, 65737, 66967, 67663, 69495, 70922, 71611, 71789, 74474, 75063, 75479, 76504, 78773, 79075, 80805, 81457, 82891, 84011, 84486, 84697, 85200, 86375, 87109, 88367, 88821, 89947, 90509]","[0, 176, 2233, 6003, 6296, 8929, 10273, 11948, 12200, 12353, 14232, 14374, 15996, 17365, 17910, 19642, 20135, 20818, 22147, 26629, 26749, 27274, 27828, 28766, 28962, 30168, 31940, 32847, 33530, 35017, 37865, 38157, 39415, 39669, 40216, 42118, 42233, 42967, 47952, 49330, 50317, 53185, 53351, 54120, 54482, 55395, 55534, 55951, 56156, 57903, 59759, 60675, 61976, 63248, 63869, 64153, 65737, 66967, 67663, 69495, 70922, 71611, 71789, 74474, 75063, 75479, 76504, 78773, 79075, 80805, 81457, 82891, 84011, 84486, 84695, 85200, 86375, 87109, 88367, 88821, 89947, 90509]",80.0,27.92847562627867
dry-beans-noise__n_segments=80__n_observations=128000,484,changeforest_bs,0.9993988020534416,1.5625e-05,0.0012578125,0.0012578125,"[0, 249, 3158, 8489, 8904, 12628, 14528, 16897, 17470, 20128, 20329, 22622, 24558, 25329, 27778, 28476, 29441, 31321, 37659, 37829, 38571, 39356, 40681, 40959, 42664, 45170, 46453, 47418, 49521, 53550, 53963, 55743, 56101, 56875, 59566, 59727, 60765, 67815, 69763, 71159, 75215, 75450, 76538, 77050, 78341, 78537, 79127, 79418, 81888, 84513, 85808, 87648, 89446, 90326, 90727, 92967, 94706, 95691, 98282, 100299, 101274, 101526, 105323, 106157, 106745, 108194, 111403, 111830, 114277, 115198, 117226, 118810, 119482, 119780, 120492, 122154, 123192, 124971, 125613, 127205, 128000]","[0, 249, 3158, 8487, 8650, 8904, 12628, 14528, 16897, 17470, 20128, 20329, 22622, 24558, 25329, 27778, 28476, 29441, 31323, 37659, 37829, 38571, 39356, 40681, 40959, 42664, 45170, 46453, 47418, 49521, 53550, 53963, 55743, 56101, 56875, 59565, 59726, 60765, 67815, 69763, 71159, 75215, 75450, 76538, 77050, 78341, 78537, 79127, 79418, 81888, 84513, 85807, 87648, 89447, 90326, 90727, 92967, 94706, 95691, 98282, 100299, 101274, 101526, 105323, 106157, 106745, 108194, 111403, 111830, 114277, 114437, 115198, 117227, 118810, 119482, 119779, 120492, 122154, 123192, 124971, 125613, 127205, 128000]",81.0,43.15134414983913
dirichlet__n_segments=20__n_observations=250,484,change_in_mean_bs,0.0,0.48,0.008,0.48,"[2, 21, 55, 58, 81, 94, 109, 113, 130, 132, 146, 159, 164, 180, 185, 191, 203, 244, 245, 250]","[0, 250]",0.0,7.216900121420622e-05
dirichlet__n_segments=20__n_observations=353,484,change_in_mean_bs,0.0,0.4787535410764872,0.0084985835694051,0.4787535410764872,"[3, 29, 77, 81, 115, 132, 154, 160, 184, 186, 207, 225, 232, 254, 261, 270, 287, 344, 346, 353]","[0, 353]",0.0,4.4770073145627975e-05
dirichlet__n_segments=20__n_observations=500,484,change_in_mean_bs,0.0,0.48,0.008,0.48,"[4, 41, 109, 115, 163, 188, 218, 226, 260, 263, 293, 318, 328, 360, 369, 382, 406, 487, 490, 500]","[0, 500]",0.0,5.519995465874672e-05
dirichlet__n_segments=20__n_observations=707,484,change_in_mean_bs,0.0,0.4794908062234795,0.007072135785007,0.4794908062234795,"[5, 58, 155, 163, 230, 265, 309, 320, 368, 372, 414, 450, 464, 509, 522, 540, 575, 689, 693, 707]","[0, 707]",0.0,6.185006350278854e-05
dirichlet__n_segments=20__n_observations=1000,484,change_in_mean_bs,0.0,0.479,0.007,0.479,"[7, 82, 219, 230, 326, 375, 436, 452, 521, 527, 586, 636, 657, 720, 738, 764, 813, 975, 980, 1000]","[0, 1000]",0.0,7.770897354930639e-05
dirichlet__n_segments=20__n_observations=1414,484,change_in_mean_bs,0.0,0.4794908062234795,0.007072135785007,0.4794908062234795,"[10, 116, 309, 326, 461, 531, 617, 639, 736, 745, 828, 899, 928, 1018, 1044, 1080, 1149, 1379, 1386, 1414]","[0, 1414]",0.0,0.0001051489962264
dirichlet__n_segments=20__n_observations=2000,484,change_in_mean_bs,0.0,0.4795,0.0075,0.4795,"[15, 164, 438, 461, 652, 750, 873, 904, 1041, 1053, 1172, 1272, 1313, 1440, 1477, 1528, 1626, 1950, 1960, 2000]","[0, 2000]",0.0,0.0001416190061718
dirichlet__n_segments=20__n_observations=2828,484,change_in_mean_bs,0.0,0.4794908062234795,0.0074257425742574,0.4794908062234795,"[21, 232, 619, 651, 922, 1061, 1234, 1278, 1472, 1489, 1657, 1799, 1857, 2036, 2088, 2161, 2298, 2757, 2772, 2828]","[0, 2828]",0.0,0.0001762779429554
dirichlet__n_segments=20__n_observations=4000,484,change_in_mean_bs,0.0,0.4795,0.00725,0.4795,"[29, 329, 875, 921, 1304, 1501, 1746, 1808, 2082, 2106, 2343, 2544, 2626, 2879, 2954, 3056, 3251, 3900, 3921, 4000]","[0, 4000]",0.0,0.0002563380403444
dirichlet__n_segments=20__n_observations=5656,484,change_in_mean_bs,0.0,0.4794908062234795,0.0072489391796322,0.4794908062234795,"[41, 465, 1237, 1302, 1844, 2122, 2469, 2556, 2944, 2978, 3313, 3597, 3713, 4071, 4177, 4321, 4597, 5514, 5544, 5656]","[0, 5656]",0.0,0.000346845947206
dirichlet__n_segments=20__n_observations=8000,484,change_in_mean_bs,0.0,0.4795,0.00725,0.4795,"[58, 658, 1750, 1842, 2608, 3002, 3492, 3616, 4164, 4212, 4687, 5088, 5252, 5758, 5908, 6112, 6502, 7800, 7841, 8000]","[0, 8000]",0.0,0.0004526360426098
dirichlet__n_segments=20__n_observations=11313,484,change_in_mean_bs,0.0,0.4795368160523292,0.0072482984177494,0.4795368160523292,"[82, 930, 2475, 2605, 3687, 4245, 4938, 5113, 5888, 5957, 6627, 7195, 7428, 8143, 8354, 8643, 9195, 11029, 11089, 11313]","[0, 11313]",0.0,0.0008966029854491
dirichlet__n_segments=20__n_observations=16000,484,change_in_mean_bs,0.0,0.4795,0.00725,0.4795,"[116, 1315, 3501, 3684, 5215, 6004, 6983, 7231, 8328, 8425, 9373, 10176, 10505, 11517, 11816, 12224, 13004, 15599, 15683, 16000]","[0, 16000]",0.0,0.0009454119717702
dirichlet__n_segments=20__n_observations=22627,484,change_in_mean_bs,0.0,0.4795156229283599,0.0072479780792858,0.4795156229283599,"[164, 1860, 4951, 5210, 7375, 8490, 9875, 10226, 11777, 11914, 13255, 14391, 14856, 16287, 16710, 17286, 18390, 22060, 22178, 22627]","[0, 22627]",0.0,0.0022571309236809
dirichlet__n_segments=20__n_observations=32000,484,change_in_mean_bs,0.0,0.4795,0.00725,0.4795,"[232, 2631, 7001, 7369, 10430, 12007, 13966, 14462, 16656, 16849, 18746, 20353, 21010, 23034, 23632, 24447, 26008, 31198, 31366, 32000]","[0, 32000]",0.0,0.0030469159828498
dirichlet__n_segments=20__n_observations=45254,484,change_in_mean_bs,0.0,0.4794935254342157,0.0072479780792858,0.4794935254342157,"[328, 3720, 9901, 10421, 14750, 16981, 19751, 20453, 23555, 23828, 26511, 28782, 29712, 32574, 33419, 34573, 36780, 44120, 44357, 45254]","[0, 45254]",0.0,0.0041726659983396
dirichlet__n_segments=20__n_observations=64000,484,change_in_mean_bs,0.0,0.4795,0.00725,0.4795,"[464, 5261, 14003, 14738, 20861, 24015, 27933, 28925, 33312, 33698, 37493, 40705, 42020, 46067, 47263, 48894, 52016, 62396, 62731, 64000]","[0, 64000]",0.0,0.0062972689047455
dirichlet__n_segments=20__n_observations=90509,484,change_in_mean_bs,0.0,0.4794992763150626,0.0072589466240926,0.4794992763150626,"[657, 7440, 19803, 20842, 29501, 33962, 39502, 40906, 47110, 47656, 53022, 57565, 59424, 65149, 66839, 69146, 73561, 88241, 88715, 90509]","[0, 90509]",0.0,0.0094107739860191
dirichlet__n_segments=20__n_observations=128000,484,change_in_mean_bs,0.0794744981578812,0.3763046875,0.0072578125,0.3763046875,"[929, 10522, 28005, 29475, 41721, 48030, 55865, 57850, 66624, 67397, 74985, 81410, 84039, 92135, 94526, 97788, 104032, 124792, 125463, 128000]","[0, 104032, 128000]",1.0,0.0178048949455842
dirichlet__n_segments=80__n_observations=250,484,change_in_mean_bs,0.0,0.476,0.0,0.476,"[0, 6, 17, 17, 25, 28, 33, 34, 39, 40, 44, 48, 49, 54, 56, 58, 61, 74, 74, 75, 77, 79, 80, 83, 88, 91, 93, 97, 105, 105, 109, 110, 111, 116, 117, 119, 132, 136, 139, 147, 147, 149, 150, 153, 153, 155, 155, 160, 165, 168, 171, 175, 176, 177, 182, 185, 187, 192, 196, 198, 198, 206, 207, 208, 211, 218, 218, 223, 225, 229, 232, 233, 234, 235, 239, 241, 244, 245, 248, 250]","[0, 250]",0.0,5.5179931223392487e-05
dirichlet__n_segments=80__n_observations=353,484,change_in_mean_bs,0.0,0.4759206798866855,0.0028328611898017,0.4759206798866855,"[1, 9, 23, 25, 35, 40, 47, 48, 56, 56, 62, 68, 70, 77, 79, 81, 86, 104, 104, 106, 109, 112, 113, 118, 125, 128, 131, 137, 148, 149, 154, 155, 157, 164, 165, 168, 187, 192, 196, 207, 208, 211, 212, 216, 217, 218, 219, 226, 233, 237, 242, 247, 249, 250, 256, 261, 264, 271, 277, 279, 280, 290, 293, 294, 298, 307, 308, 315, 318, 323, 328, 330, 330, 332, 337, 340, 345, 346, 351, 353]","[0, 353]",0.0,4.529999569058418e-05
dirichlet__n_segments=80__n_observations=500,484,change_in_mean_bs,0.0,0.474,0.002,0.474,"[1, 12, 33, 35, 49, 57, 66, 68, 79, 79, 88, 96, 99, 109, 111, 115, 122, 147, 148, 151, 154, 159, 160, 167, 176, 181, 185, 193, 209, 211, 218, 219, 222, 233, 233, 237, 265, 273, 278, 294, 295, 299, 301, 306, 307, 309, 310, 320, 330, 335, 342, 349, 353, 354, 363, 370, 374, 384, 392, 396, 397, 411, 415, 417, 423, 435, 437, 446, 450, 458, 464, 467, 468, 471, 477, 481, 488, 491, 497, 500]","[0, 500]",0.0,5.21000474691391e-05
dirichlet__n_segments=80__n_observations=707,484,change_in_mean_bs,0.0,0.4752475247524752,0.0014144271570014,0.4752475247524752,"[1, 17, 47, 49, 70, 80, 93, 96, 111, 112, 125, 136, 140, 153, 157, 163, 173, 208, 209, 213, 217, 225, 226, 236, 249, 257, 262, 274, 296, 298, 308, 310, 314, 329, 330, 336, 375, 385, 393, 415, 417, 423, 426, 433, 434, 437, 439, 452, 467, 474, 484, 494, 499, 501, 513, 523, 529, 543, 554, 559, 561, 582, 586, 590, 598, 615, 618, 631, 636, 647, 656, 660, 662, 666, 675, 680, 690, 694, 703, 707]","[0, 707]",0.0,6.205006502568722e-05
dirichlet__n_segments=80__n_observations=1000,484,change_in_mean_bs,0.0,0.475,0.002,0.475,"[2, 25, 66, 70, 99, 114, 132, 136, 157, 159, 177, 192, 198, 217, 222, 230, 245, 294, 296, 301, 307, 318, 320, 333, 353, 363, 370, 387, 418, 422, 435, 438, 444, 465, 467, 475, 530, 545, 556, 588, 589, 598, 602, 612, 614, 618, 620, 640, 660, 670, 685, 699, 706, 709, 726, 740, 748, 768, 784, 791, 793, 823, 829, 834, 845, 870, 874, 893, 900, 916, 928, 933, 936, 941, 954, 962, 976, 981, 994, 1000]","[0, 1000]",0.0,9.2698959633708e-05
dirichlet__n_segments=80__n_observations=1414,484,change_in_mean_bs,0.0,0.4745403111739745,0.0021216407355021,0.4745403111739745,"[3, 35, 94, 98, 139, 160, 187, 193, 222, 225, 250, 271, 280, 307, 315, 325, 346, 416, 418, 426, 435, 449, 452, 471, 499, 513, 524, 547, 592, 596, 616, 620, 628, 658, 660, 671, 749, 771, 786, 831, 833, 846, 851, 865, 868, 874, 877, 905, 934, 948, 968, 988, 998, 1002, 1027, 1046, 1057, 1086, 1108, 1119, 1122, 1163, 1173, 1179, 1195, 1231, 1235, 1262, 1273, 1295, 1312, 1320, 1323, 1331, 1349, 1361, 1381, 1388, 1405, 1414]","[0, 1414]",0.0,9.952904656529428e-05
dirichlet__n_segments=80__n_observations=2000,484,change_in_mean_bs,0.0,0.4745,0.002,0.4745,"[4, 49, 133, 139, 197, 227, 264, 273, 314, 318, 353, 384, 396, 434, 445, 460, 489, 588, 591, 603, 615, 636, 640, 667, 706, 726, 741, 774, 837, 843, 871, 877, 889, 931, 933, 949, 1060, 1090, 1112, 1175, 1179, 1196, 1204, 1224, 1227, 1236, 1241, 1279, 1321, 1341, 1370, 1398, 1411, 1418, 1453, 1480, 1495, 1536, 1567, 1582, 1586, 1646, 1659, 1668, 1691, 1741, 1747, 1786, 1800, 1832, 1856, 1867, 1872, 1883, 1909, 1925, 1953, 1963, 1988, 2000]","[0, 2000]",0.0,0.0001335879787802
dirichlet__n_segments=80__n_observations=2828,484,change_in_mean_bs,0.0,0.4748939179632249,0.0017680339462517,0.4748939179632249,"[5, 70, 188, 197, 279, 321, 373, 386, 445, 449, 500, 543, 560, 614, 629, 650, 692, 832, 836, 852, 870, 899, 905, 943, 998, 1026, 1048, 1094, 1183, 1192, 1232, 1239, 1257, 1316, 1320, 1343, 1498, 1541, 1572, 1662, 1667, 1691, 1702, 1731, 1735, 1748, 1755, 1809, 1867, 1896, 1936, 1976, 1996, 2004, 2054, 2092, 2114, 2171, 2216, 2238, 2243, 2327, 2345, 2358, 2390, 2461, 2471, 2525, 2545, 2590, 2625, 2640, 2646, 2662, 2699, 2722, 2761, 2775, 2810, 2828]","[0, 2828]",0.0,0.0001756390556693
dirichlet__n_segments=80__n_observations=4000,484,change_in_mean_bs,0.0,0.47475,0.002,0.47475,"[8, 99, 265, 278, 395, 454, 528, 546, 629, 635, 707, 767, 792, 868, 890, 920, 979, 1177, 1182, 1205, 1230, 1271, 1280, 1333, 1412, 1452, 1482, 1548, 1673, 1686, 1742, 1753, 1777, 1861, 1866, 1899, 2119, 2180, 2224, 2350, 2358, 2392, 2408, 2448, 2454, 2473, 2482, 2559, 2641, 2682, 2739, 2795, 2823, 2835, 2905, 2960, 2990, 3071, 3134, 3165, 3173, 3291, 3317, 3336, 3381, 3481, 3495, 3571, 3600, 3663, 3713, 3734, 3743, 3765, 3817, 3850, 3905, 3925, 3975, 4000]","[0, 4000]",0.0,0.0002431679749861
dirichlet__n_segments=80__n_observations=5656,484,change_in_mean_bs,0.0,0.4747171145685997,0.0019448373408769,0.4747171145685997,"[11, 140, 375, 393, 558, 642, 747, 772, 889, 898, 1000, 1085, 1119, 1227, 1258, 1301, 1384, 1664, 1672, 1704, 1739, 1798, 1810, 1885, 1996, 2053, 2095, 2188, 2366, 2384, 2463, 2479, 2513, 2632, 2639, 2685, 2997, 3083, 3144, 3324, 3334, 3382, 3405, 3462, 3470, 3496, 3509, 3618, 3734, 3792, 3873, 3952, 3991, 4009, 4108, 4185, 4228, 4343, 4432, 4475, 4486, 4654, 4691, 4717, 4781, 4923, 4942, 5050, 5090, 5180, 5250, 5280, 5293, 5324, 5398, 5444, 5522, 5551, 5621, 5656]","[0, 5656]",0.0,0.0003578669857233
dirichlet__n_segments=80__n_observations=8000,484,change_in_mean_bs,0.0,0.47475,0.002,0.47475,"[16, 197, 531, 557, 789, 908, 1056, 1092, 1258, 1271, 1414, 1535, 1583, 1736, 1780, 1840, 1958, 2354, 2364, 2411, 2460, 2543, 2560, 2666, 2823, 2903, 2964, 3095, 3347, 3373, 3484, 3506, 3555, 3723, 3733, 3798, 4238, 4360, 4447, 4701, 4716, 4784, 4816, 4896, 4909, 4945, 4964, 5118, 5282, 5363, 5478, 5590, 5645, 5670, 5810, 5919, 5981, 6143, 6269, 6330, 6345, 6583, 6635, 6672, 6762, 6963, 6989, 7142, 7200, 7327, 7426, 7468, 7486, 7531, 7635, 7699, 7811, 7851, 7950, 8000]","[0, 8000]",0.0,0.0004665059968829
dirichlet__n_segments=80__n_observations=11313,484,change_in_mean_bs,0.0,0.4747635463625917,0.0019446654291523,0.4747635463625917,"[22, 279, 750, 787, 1116, 1284, 1493, 1544, 1779, 1797, 1999, 2171, 2239, 2455, 2517, 2602, 2768, 3328, 3343, 3409, 3478, 3596, 3620, 3771, 3992, 4106, 4191, 4377, 4733, 4769, 4927, 4958, 5027, 5265, 5279, 5371, 5994, 6166, 6289, 6648, 6668, 6765, 6810, 6924, 6941, 6993, 7019, 7237, 7469, 7584, 7747, 7906, 7983, 8019, 8217, 8370, 8457, 8686, 8865, 8951, 8973, 9309, 9382, 9434, 9562, 9846, 9884, 10100, 10182, 10361, 10501, 10560, 10587, 10649, 10796, 10888, 11045, 11102, 11243, 11313]","[0, 11313]",0.0,0.0010225320002064
dirichlet__n_segments=80__n_observations=16000,484,change_in_mean_bs,0.0,0.47475,0.0019375,0.47475,"[31, 395, 1061, 1113, 1578, 1816, 2112, 2184, 2516, 2541, 2828, 3070, 3166, 3472, 3559, 3680, 3915, 4707, 4729, 4821, 4919, 5085, 5120, 5333, 5646, 5807, 5927, 6190, 6694, 6745, 6968, 7013, 7109, 7446, 7466, 7596, 8477, 8720, 8895, 9402, 9431, 9567, 9631, 9793, 9817, 9891, 9927, 10236, 10564, 10726, 10956, 11181, 11291, 11341, 11621, 11838, 11961, 12285, 12537, 12659, 12691, 13165, 13270, 13343, 13524, 13925, 13979, 14285, 14400, 14653, 14851, 14935, 14973, 15062, 15269, 15399, 15621, 15702, 15901, 16000]","[0, 16000]",0.0,0.0011752810096368
dirichlet__n_segments=80__n_observations=22627,484,change_in_mean_bs,0.0,0.4747425641932205,0.0019445794846864,0.4747425641932205,"[44, 558, 1501, 1574, 2232, 2568, 2987, 3088, 3558, 3594, 3999, 4341, 4477, 4910, 5034, 5204, 5537, 6657, 6687, 6818, 6957, 7191, 7241, 7542, 7985, 8212, 8382, 8754, 9466, 9539, 9854, 9917, 10054, 10530, 10558, 10742, 11988, 12332, 12579, 13296, 13338, 13530, 13620, 13849, 13883, 13987, 14039, 14476, 14940, 15169, 15494, 15812, 15967, 16038, 16434, 16742, 16916, 17374, 17730, 17903, 17947, 18618, 18766, 18870, 19126, 19693, 19769, 20201, 20364, 20722, 21002, 21121, 21174, 21300, 21594, 21777, 22092, 22205, 22486, 22627]","[0, 22627]",0.0,0.0022290120832622
dirichlet__n_segments=80__n_observations=32000,484,change_in_mean_bs,0.0,0.47471875,0.0019375,0.47471875,"[62, 789, 2122, 2226, 3157, 3632, 4224, 4368, 5032, 5082, 5656, 6140, 6332, 6945, 7119, 7360, 7830, 9415, 9457, 9643, 9839, 10170, 10240, 10666, 11292, 11613, 11855, 12380, 13387, 13491, 13936, 14025, 14219, 14892, 14932, 15191, 16954, 17441, 17790, 18804, 18862, 19134, 19262, 19585, 19634, 19782, 19854, 20472, 21128, 21452, 21912, 22362, 22581, 22682, 23242, 23677, 23923, 24570, 25075, 25319, 25381, 26331, 26539, 26686, 27048, 27851, 27958, 28569, 28800, 29307, 29703, 29871, 29945, 30123, 30539, 30798, 31243, 31403, 31801, 32000]","[0, 32000]",0.0,0.0029009269783273
dirichlet__n_segments=80__n_observations=45254,484,change_in_mean_bs,0.0,0.4747204666990763,0.0019445794846864,0.4747204666990763,"[88, 1116, 3001, 3148, 4464, 5136, 5974, 6177, 7116, 7187, 7998, 8682, 8955, 9821, 10068, 10409, 11074, 13314, 13374, 13637, 13914, 14383, 14481, 15084, 15970, 16423, 16765, 17508, 18932, 19079, 19708, 19834, 20108, 21059, 21116, 21483, 23976, 24665, 25158, 26592, 26675, 27060, 27241, 27697, 27767, 27975, 28078, 28951, 29879, 30337, 30988, 31623, 31934, 32076, 32868, 33483, 33831, 34747, 35460, 35805, 35894, 37237, 37531, 37739, 38252, 39386, 39537, 40402, 40728, 41445, 42005, 42243, 42348, 42600, 43187, 43554, 44183, 44410, 44973, 45254]","[0, 45254]",0.0,0.0044082440435886
dirichlet__n_segments=80__n_observations=64000,484,change_in_mean_bs,0.0,0.474734375,0.0019375,0.474734375,"[124, 1579, 4245, 4452, 6314, 7264, 8449, 8735, 10064, 10164, 11311, 12279, 12664, 13889, 14238, 14720, 15661, 18830, 18914, 19286, 19678, 20341, 20480, 21332, 22585, 23226, 23709, 24761, 26775, 26982, 27872, 28050, 28437, 29783, 29864, 30383, 33908, 34882, 35580, 37608, 37725, 38269, 38525, 39171, 39269, 39563, 39709, 40944, 42256, 42904, 43824, 44723, 45163, 45363, 46483, 47353, 47845, 49141, 50150, 50637, 50763, 52662, 53078, 53372, 54097, 55702, 55915, 57138, 57599, 58613, 59405, 59741, 59890, 60246, 61077, 61596, 62486, 62807, 63602, 64000]","[0, 64000]",0.0,0.0064057279378175
dirichlet__n_segments=80__n_observations=90509,484,change_in_mean_bs,0.0,0.4747262703156592,0.0019445579997569,0.4747262703156592,"[176, 2233, 6003, 6296, 8929, 10273, 11948, 12353, 14232, 14374, 15996, 17365, 17910, 19642, 20135, 20818, 22147, 26629, 26749, 27274, 27828, 28766, 28962, 30168, 31940, 32847, 33530, 35017, 37865, 38157, 39416, 39669, 40216, 42119, 42233, 42967, 47952, 49330, 50317, 53185, 53351, 54120, 54482, 55395, 55534, 55951, 56156, 57903, 59759, 60675, 61976, 63248, 63869, 64153, 65737, 66967, 67663, 69495, 70922, 71611, 71789, 74474, 75063, 75479, 76504, 78773, 79075, 80805, 81457, 82891, 84011, 84486, 84697, 85200, 86375, 87109, 88367, 88821, 89947, 90509]","[0, 90509]",0.0,0.0094495828961953
dirichlet__n_segments=80__n_observations=128000,484,change_in_mean_bs,0.0,0.4747265625,0.0019453125,0.4747265625,"[249, 3158, 8489, 8904, 12628, 14528, 16897, 17470, 20128, 20329, 22622, 24558, 25329, 27778, 28476, 29441, 31321, 37659, 37829, 38571, 39356, 40681, 40959, 42664, 45170, 46453, 47418, 49521, 53550, 53963, 55743, 56101, 56875, 59566, 59727, 60765, 67815, 69763, 71159, 75215, 75450, 76538, 77050, 78341, 78537, 79127, 79418, 81888, 84513, 85808, 87648, 89446, 90326, 90727, 92967, 94706, 95691, 98282, 100299, 101274, 101526, 105323, 106157, 106745, 108194, 111403, 111830, 114277, 115198, 117226, 118810, 119482, 119780, 120492, 122154, 123192, 124971, 125613, 127205, 128000]","[0, 128000]",0.0,0.013355951057747
dry-beans-noise__n_segments=20__n_observations=250,484,change_in_mean_bs,0.1653119504256967,0.008,0.08,0.08,"[0, 2, 21, 55, 58, 81, 94, 109, 113, 130, 132, 146, 159, 164, 180, 185, 191, 203, 244, 245, 250]","[0, 2, 4, 6, 9, 13, 16, 19, 23, 27, 31, 34, 36, 38, 41, 44, 47, 50, 52, 55, 58, 60, 63, 65, 69, 72, 75, 77, 81, 83, 85, 88, 91, 94, 96, 100, 102, 105, 109, 113, 116, 119, 123, 126, 130, 133, 136, 139, 141, 144, 147, 149, 152, 154, 157, 159, 161, 164, 167, 171, 173, 176, 180, 182, 185, 189, 193, 196, 200, 203, 205, 207, 210, 214, 217, 219, 221, 224, 228, 230, 234, 237, 239, 241, 244, 246, 250]",85.0,0.0002077779499813
dry-beans-noise__n_segments=20__n_observations=353,484,change_in_mean_bs,0.126449750092411,0.0028328611898017,0.0764872521246459,0.0764872521246459,"[0, 3, 29, 77, 81, 115, 132, 154, 160, 184, 186, 207, 225, 232, 254, 261, 270, 287, 344, 346, 353]","[0, 3, 5, 9, 13, 16, 19, 22, 25, 29, 31, 34, 37, 41, 44, 47, 50, 52, 56, 58, 61, 65, 67, 71, 74, 77, 81, 84, 86, 89, 92, 95, 98, 102, 104, 107, 109, 112, 115, 117, 119, 122, 124, 128, 132, 136, 140, 142, 145, 148, 151, 154, 156, 160, 164, 168, 172, 176, 178, 181, 184, 187, 189, 191, 194, 196, 199, 201, 204, 207, 209, 211, 213, 216, 219, 222, 225, 229, 232, 234, 238, 241, 243, 245, 248, 251, 254, 258, 261, 265, 267, 270, 272, 276, 279, 283, 287, 289, 292, 295, 297, 300, 304, 308, 311, 314, 317, 319, 321, 325, 328, 330, 332, 335, 337, 340, 343, 346, 349, 353]",118.0,0.0002682070480659
dry-beans-noise__n_segments=20__n_observations=500,484,change_in_mean_bs,0.1420571019001875,0.004,0.08,0.08,"[0, 4, 41, 109, 115, 163, 188, 218, 226, 260, 263, 293, 318, 328, 360, 369, 382, 406, 487, 490, 500]","[0, 4, 9, 13, 19, 22, 28, 31, 35, 41, 44, 48, 52, 56, 61, 65, 68, 71, 77, 83, 86, 91, 97, 100, 104, 109, 113, 117, 123, 129, 133, 139, 145, 150, 154, 159, 163, 167, 171, 175, 179, 184, 188, 192, 196, 199, 203, 209, 214, 218, 222, 226, 229, 233, 237, 240, 246, 249, 253, 256, 260, 263, 266, 270, 274, 278, 281, 285, 291, 295, 301, 304, 308, 312, 315, 319, 322, 328, 332, 335, 339, 342, 346, 350, 354, 360, 365, 369, 374, 377, 382, 385, 391, 394, 397, 402, 406, 409, 415, 421, 426, 432, 436, 439, 442, 446, 450, 454, 458, 463, 468, 471, 474, 478, 481, 487, 490, 495, 500]",117.0,0.0003103069029748
dry-beans-noise__n_segments=20__n_observations=707,484,change_in_mean_bs,0.1396806511332678,0.0014144271570014,0.0792079207920792,0.0792079207920792,"[0, 5, 58, 155, 163, 230, 265, 309, 320, 368, 372, 414, 450, 464, 509, 522, 540, 575, 689, 693, 707]","[0, 5, 13, 19, 23, 28, 35, 39, 45, 51, 58, 65, 69, 77, 83, 91, 97, 102, 109, 114, 119, 125, 129, 135, 139, 144, 149, 155, 163, 167, 175, 180, 184, 192, 198, 205, 211, 216, 220, 225, 230, 235, 240, 244, 249, 256, 260, 265, 273, 278, 282, 288, 293, 300, 304, 309, 314, 320, 326, 334, 338, 344, 348, 352, 359, 367, 372, 379, 384, 392, 397, 401, 408, 414, 421, 427, 432, 438, 442, 450, 455, 459, 464, 470, 474, 479, 483, 491, 495, 503, 509, 513, 517, 522, 530, 534, 540, 544, 549, 554, 560, 565, 570, 575, 580, 584, 591, 599, 605, 609, 617, 622, 627, 631, 638, 642, 647, 652, 657, 662, 667, 673, 680, 684, 689, 693, 697, 701, 707]",127.0,0.0005718359025195
dry-beans-noise__n_segments=20__n_observations=1000,484,change_in_mean_bs,0.1207553715403147,0.002,0.08,0.08,"[0, 7, 82, 219, 230, 326, 375, 436, 452, 521, 527, 586, 636, 657, 720, 738, 764, 813, 975, 980, 1000]","[0, 7, 13, 19, 28, 35, 45, 51, 57, 66, 71, 76, 82, 91, 97, 102, 108, 114, 119, 125, 135, 144, 152, 157, 163, 169, 176, 182, 187, 194, 200, 207, 213, 219, 224, 230, 235, 241, 250, 257, 262, 271, 280, 285, 291, 300, 308, 314, 320, 326, 331, 337, 347, 352, 362, 368, 375, 380, 388, 396, 401, 407, 412, 420, 430, 436, 442, 452, 457, 462, 468, 475, 481, 487, 496, 501, 508, 514, 521, 527, 535, 540, 550, 560, 565, 571, 577, 585, 594, 599, 605, 611, 616, 621, 627, 633, 638, 643, 651, 657, 662, 671, 677, 684, 692, 697, 703, 712, 720, 726, 731, 738, 744, 750, 756, 764, 771, 779, 785, 791, 796, 801, 807, 813, 823, 829, 836, 842, 848, 856, 862, 868, 876, 882, 888, 895, 901, 907, 913, 919, 926, 932, 939, 945, 952, 959, 965, 974, 980, 986, 994, 1000]",150.0,0.0004597660154104
dry-beans-noise__n_segments=20__n_observations=1414,484,change_in_mean_bs,0.1368199335116466,0.0021216407355021,0.0792079207920792,0.0792079207920792,"[0, 10, 116, 309, 326, 461, 531, 617, 639, 736, 745, 828, 899, 928, 1018, 1044, 1080, 1149, 1379, 1386, 1414]","[0, 10, 25, 35, 45, 57, 66, 74, 84, 98, 107, 116, 126, 135, 144, 152, 160, 169, 179, 188, 197, 207, 222, 232, 243, 252, 260, 273, 282, 293, 309, 317, 326, 334, 343, 355, 364, 377, 388, 397, 406, 414, 423, 439, 448, 461, 471, 480, 490, 499, 511, 521, 531, 539, 554, 564, 575, 588, 600, 608, 617, 625, 638, 647, 656, 666, 675, 688, 697, 705, 715, 724, 736, 745, 761, 777, 785, 796, 808, 818, 828, 837, 845, 854, 862, 873, 882, 890, 899, 907, 915, 928, 936, 944, 956, 966, 976, 984, 992, 1005, 1018, 1026, 1035, 1044, 1052, 1060, 1068, 1077, 1087, 1095, 1104, 1117, 1125, 1137, 1149, 1157, 1167, 1178, 1194, 1209, 1218, 1229, 1237, 1252, 1261, 1269, 1277, 1291, 1303, 1312, 1321, 1333, 1345, 1355, 1364, 1376, 1385, 1397, 1405, 1414]",138.0,0.0005380749935284
dry-beans-noise__n_segments=20__n_observations=2000,484,change_in_mean_bs,0.1317285846860066,0.0015,0.08,0.08,"[0, 15, 164, 438, 461, 652, 750, 873, 904, 1041, 1053, 1172, 1272, 1313, 1440, 1477, 1528, 1626, 1950, 1960, 2000]","[0, 15, 28, 45, 57, 72, 84, 98, 115, 126, 145, 164, 182, 194, 207, 218, 232, 252, 263, 282, 293, 312, 323, 333, 350, 360, 371, 387, 399, 409, 424, 438, 449, 461, 479, 489, 500, 510, 522, 532, 542, 552, 566, 576, 590, 602, 618, 628, 640, 652, 669, 685, 700, 720, 739, 750, 765, 776, 789, 801, 817, 828, 840, 859, 873, 886, 902, 916, 928, 940, 950, 961, 981, 996, 1006, 1016, 1027, 1041, 1053, 1064, 1082, 1093, 1110, 1123, 1143, 1159, 1172, 1184, 1200, 1211, 1224, 1235, 1246, 1261, 1272, 1282, 1302, 1313, 1325, 1340, 1352, 1368, 1380, 1390, 1403, 1421, 1440, 1453, 1465, 1477, 1487, 1500, 1517, 1528, 1538, 1552, 1563, 1576, 1594, 1609, 1626, 1638, 1652, 1668, 1684, 1704, 1715, 1726, 1740, 1754, 1770, 1780, 1790, 1800, 1816, 1826, 1837, 1848, 1859, 1874, 1884, 1895, 1908, 1921, 1938, 1951, 1963, 1978, 1989, 2000]",148.0,0.0007249739719554
dry-beans-noise__n_segments=20__n_observations=2828,484,change_in_mean_bs,0.1416445451291483,0.0017680339462517,0.0802687411598302,0.0802687411598302,"[0, 21, 232, 619, 651, 922, 1061, 1234, 1278, 1472, 1489, 1657, 1799, 1857, 2036, 2088, 2161, 2298, 2757, 2772, 2828]","[0, 21, 45, 66, 84, 99, 115, 145, 162, 183, 208, 232, 252, 282, 307, 323, 345, 366, 383, 399, 419, 436, 463, 483, 502, 524, 543, 568, 592, 619, 634, 650, 670, 685, 701, 721, 743, 767, 783, 798, 813, 842, 861, 889, 904, 922, 944, 964, 984, 999, 1014, 1044, 1060, 1078, 1097, 1114, 1131, 1147, 1167, 1195, 1216, 1234, 1250, 1278, 1293, 1312, 1330, 1353, 1369, 1385, 1408, 1426, 1442, 1472, 1487, 1505, 1522, 1544, 1566, 1582, 1600, 1627, 1657, 1674, 1690, 1710, 1732, 1760, 1776, 1799, 1814, 1835, 1857, 1878, 1899, 1925, 1948, 1964, 1979, 1997, 2015, 2036, 2055, 2072, 2088, 2103, 2119, 2140, 2161, 2180, 2196, 2223, 2244, 2260, 2279, 2298, 2313, 2335, 2364, 2384, 2402, 2419, 2437, 2464, 2485, 2515, 2530, 2546, 2576, 2605, 2623, 2639, 2654, 2672, 2689, 2707, 2734, 2752, 2772, 2789, 2812, 2828]",140.0,0.0009108529193326
dry-beans-noise__n_segments=20__n_observations=4000,484,change_in_mean_bs,0.1349956540242021,0.001,0.0785,0.0785,"[0, 29, 329, 875, 921, 1304, 1501, 1746, 1808, 2082, 2106, 2343, 2544, 2626, 2879, 2954, 3056, 3251, 3900, 3921, 4000]","[0, 29, 60, 84, 120, 145, 183, 208, 233, 253, 283, 305, 329, 349, 371, 399, 424, 450, 481, 502, 524, 558, 592, 620, 653, 673, 698, 721, 745, 769, 805, 844, 875, 895, 921, 944, 965, 985, 1006, 1046, 1074, 1098, 1118, 1147, 1169, 1209, 1231, 1253, 1274, 1304, 1333, 1356, 1388, 1411, 1431, 1458, 1480, 1501, 1526, 1548, 1586, 1606, 1631, 1663, 1689, 1715, 1746, 1780, 1808, 1830, 1857, 1883, 1904, 1930, 1969, 2002, 2040, 2061, 2082, 2104, 2124, 2145, 2166, 2202, 2230, 2266, 2306, 2343, 2364, 2384, 2408, 2443, 2470, 2491, 2521, 2544, 2576, 2599, 2622, 2643, 2666, 2693, 2713, 2751, 2773, 2795, 2822, 2846, 2879, 2902, 2933, 2954, 2989, 3014, 3034, 3056, 3096, 3136, 3164, 3190, 3216, 3251, 3272, 3306, 3336, 3374, 3394, 3415, 3436, 3468, 3494, 3514, 3543, 3563, 3586, 3608, 3629, 3650, 3670, 3691, 3716, 3736, 3766, 3789, 3823, 3846, 3866, 3900, 3921, 3947, 3971, 4000]",150.0,0.0013517990009859
dry-beans-noise__n_segments=20__n_observations=5656,484,change_in_mean_bs,0.1337295467061623,0.0031824611032531,0.0781471004243281,0.0781471004243281,"[0, 41, 465, 1237, 1302, 1844, 2122, 2469, 2556, 2944, 2978, 3313, 3597, 3713, 4071, 4177, 4321, 4597, 5514, 5544, 5656]","[0, 41, 84, 115, 145, 175, 208, 244, 283, 324, 367, 401, 435, 465, 502, 558, 592, 622, 672, 709, 745, 793, 844, 873, 903, 934, 967, 1016, 1046, 1076, 1132, 1171, 1205, 1237, 1266, 1302, 1357, 1389, 1418, 1459, 1496, 1528, 1558, 1588, 1632, 1665, 1697, 1739, 1768, 1803, 1844, 1879, 1908, 1942, 1972, 2005, 2043, 2083, 2122, 2151, 2181, 2213, 2242, 2272, 2310, 2344, 2375, 2404, 2436, 2468, 2507, 2556, 2603, 2648, 2681, 2711, 2741, 2795, 2827, 2877, 2926, 2965, 3018, 3076, 3105, 3142, 3172, 3214, 3249, 3279, 3313, 3342, 3386, 3421, 3466, 3500, 3542, 3597, 3650, 3679, 3714, 3770, 3804, 3850, 3879, 3917, 3953, 3998, 4028, 4071, 4101, 4131, 4177, 4207, 4260, 4289, 4321, 4376, 4408, 4450, 4480, 4523, 4567, 4597, 4642, 4671, 4705, 4750, 4788, 4838, 4871, 4904, 4935, 4976, 5005, 5039, 5072, 5109, 5155, 5185, 5219, 5264, 5301, 5331, 5382, 5412, 5451, 5481, 5514, 5544, 5573, 5608, 5656]",151.0,0.0015682579251006
dry-beans-noise__n_segments=20__n_observations=8000,484,change_in_mean_bs,0.1351776342802918,0.001125,0.077125,0.077125,"[0, 58, 658, 1750, 1842, 2608, 3002, 3492, 3616, 4164, 4212, 4687, 5088, 5252, 5758, 5908, 6112, 6502, 7800, 7841, 8000]","[0, 58, 112, 153, 208, 283, 324, 367, 407, 451, 503, 552, 593, 658, 700, 745, 793, 844, 922, 967, 1016, 1058, 1101, 1171, 1224, 1276, 1318, 1391, 1432, 1483, 1552, 1608, 1667, 1708, 1749, 1801, 1842, 1908, 1951, 2001, 2044, 2114, 2172, 2215, 2256, 2312, 2377, 2417, 2457, 2498, 2545, 2610, 2651, 2691, 2744, 2788, 2830, 2880, 2929, 3002, 3049, 3106, 3174, 3218, 3276, 3317, 3386, 3434, 3492, 3569, 3616, 3684, 3725, 3765, 3809, 3855, 3904, 3958, 4005, 4048, 4091, 4164, 4212, 4265, 4341, 4382, 4423, 4486, 4529, 4573, 4640, 4687, 4756, 4796, 4844, 4894, 4941, 5016, 5093, 5146, 5190, 5252, 5292, 5335, 5382, 5423, 5485, 5545, 5614, 5655, 5714, 5759, 5835, 5908, 5981, 6030, 6071, 6112, 6163, 6207, 6277, 6331, 6373, 6447, 6502, 6574, 6618, 6659, 6705, 6751, 6827, 6867, 6907, 6958, 7001, 7066, 7106, 7183, 7249, 7289, 7340, 7414, 7454, 7494, 7536, 7609, 7654, 7702, 7752, 7800, 7850, 7917, 7959, 8000]",152.0,0.0023046110291033
dry-beans-noise__n_segments=20__n_observations=11313,484,change_in_mean_bs,0.139040625532001,0.0031821797931583,0.0796428887121011,0.0796428887121011,"[0, 82, 930, 2475, 2605, 3687, 4245, 4938, 5113, 5888, 5957, 6627, 7195, 7428, 8143, 8354, 8643, 9195, 11029, 11089, 11313]","[0, 82, 145, 208, 283, 367, 437, 503, 580, 673, 746, 845, 930, 1033, 1104, 1171, 1233, 1318, 1391, 1483, 1552, 1609, 1667, 1741, 1805, 1863, 1949, 2008, 2116, 2185, 2253, 2314, 2379, 2475, 2532, 2605, 2662, 2720, 2831, 2912, 3000, 3065, 3130, 3228, 3312, 3370, 3428, 3507, 3621, 3687, 3778, 3858, 3961, 4065, 4125, 4185, 4245, 4328, 4386, 4490, 4551, 4651, 4709, 4767, 4827, 4941, 5020, 5115, 5194, 5281, 5359, 5421, 5490, 5550, 5619, 5719, 5787, 5852, 5957, 6033, 6091, 6149, 6218, 6283, 6379, 6453, 6517, 6627, 6696, 6754, 6833, 6915, 7009, 7072, 7137, 7195, 7254, 7345, 7427, 7496, 7553, 7658, 7756, 7836, 7923, 8016, 8074, 8142, 8242, 8354, 8424, 8517, 8576, 8643, 8703, 8763, 8832, 8894, 8959, 9016, 9087, 9197, 9288, 9385, 9459, 9519, 9632, 9732, 9802, 9893, 9968, 10035, 10096, 10157, 10220, 10301, 10384, 10458, 10538, 10595, 10673, 10757, 10844, 10923, 11027, 11089, 11146, 11228, 11313]",147.0,0.0028889460954815
dry-beans-noise__n_segments=20__n_observations=16000,484,change_in_mean_bs,0.1349968102418126,0.000375,0.078875,0.078875,"[0, 116, 1315, 3501, 3684, 5215, 6004, 6983, 7231, 8328, 8425, 9373, 10176, 10505, 11517, 11816, 12224, 13004, 15599, 15683, 16000]","[0, 116, 202, 283, 367, 503, 593, 673, 753, 833, 968, 1077, 1172, 1315, 1395, 1479, 1560, 1657, 1741, 1863, 2008, 2116, 2196, 2314, 2413, 2496, 2583, 2722, 2871, 2986, 3067, 3150, 3230, 3321, 3420, 3501, 3583, 3684, 3766, 3859, 3962, 4066, 4186, 4295, 4388, 4492, 4595, 4680, 4769, 4851, 4948, 5037, 5122, 5217, 5337, 5424, 5553, 5648, 5750, 5844, 6004, 6095, 6222, 6302, 6383, 6521, 6670, 6757, 6838, 6983, 7064, 7145, 7231, 7337, 7424, 7524, 7663, 7758, 7841, 7988, 8079, 8167, 8322, 8429, 8522, 8671, 8756, 8840, 8924, 9012, 9127, 9218, 9370, 9525, 9685, 9808, 9899, 9979, 10094, 10176, 10306, 10389, 10505, 10591, 10715, 10809, 10960, 11071, 11152, 11300, 11417, 11517, 11648, 11732, 11816, 11916, 12012, 12097, 12223, 12303, 12424, 12513, 12636, 12716, 12829, 12917, 13004, 13108, 13236, 13357, 13456, 13561, 13676, 13756, 13838, 13927, 14012, 14162, 14266, 14357, 14438, 14521, 14665, 14763, 14910, 15008, 15092, 15189, 15274, 15430, 15516, 15599, 15683, 15764, 15852, 16000]",154.0,0.0041327358921989
dry-beans-noise__n_segments=20__n_observations=22627,484,change_in_mean_bs,0.1365418918032953,0.0005303398594599,0.0796835638838555,0.0796835638838555,"[0, 164, 1860, 4951, 5210, 7375, 8490, 9875, 10226, 11777, 11914, 13255, 14391, 14856, 16287, 16710, 17286, 18390, 22060, 22178, 22627]","[0, 164, 324, 503, 628, 746, 968, 1172, 1307, 1484, 1609, 1742, 1860, 2001, 2116, 2241, 2379, 2570, 2714, 2833, 3030, 3150, 3314, 3430, 3623, 3739, 3861, 3982, 4097, 4255, 4390, 4504, 4625, 4771, 4960, 5091, 5211, 5395, 5554, 5710, 5828, 5952, 6097, 6224, 6385, 6523, 6672, 6831, 6951, 7079, 7196, 7375, 7527, 7649, 7764, 7882, 7996, 8158, 8374, 8490, 8694, 8844, 8969, 9097, 9280, 9396, 9552, 9755, 9875, 9989, 10106, 10226, 10417, 10547, 10682, 10814, 10965, 11157, 11305, 11525, 11654, 11776, 11914, 12032, 12185, 12304, 12519, 12642, 12790, 12923, 13115, 13243, 13363, 13567, 13682, 13844, 14013, 14155, 14272, 14391, 14509, 14640, 14856, 15012, 15193, 15370, 15520, 15719, 15929, 16043, 16161, 16287, 16424, 16540, 16710, 16859, 16997, 17164, 17286, 17504, 17646, 17782, 17914, 18075, 18189, 18392, 18606, 18728, 18884, 19109, 19227, 19347, 19461, 19593, 19710, 19866, 20063, 20193, 20381, 20496, 20611, 20768, 20978, 21143, 21257, 21454, 21587, 21701, 21833, 22060, 22178, 22334, 22493, 22627]",152.0,0.0067858849652111
dry-beans-noise__n_segments=20__n_observations=32000,484,change_in_mean_bs,0.1332177351359124,0.000125,0.07971875,0.07971875,"[0, 232, 2631, 7001, 7369, 10430, 12007, 13966, 14462, 16656, 16849, 18746, 20353, 21010, 23034, 23632, 24447, 26008, 31198, 31366, 32000]","[0, 232, 503, 746, 968, 1172, 1484, 1701, 1864, 2024, 2186, 2380, 2631, 2833, 3067, 3263, 3430, 3623, 3861, 4028, 4319, 4494, 4771, 4948, 5118, 5279, 5521, 5683, 5847, 6064, 6226, 6387, 6674, 6840, 7001, 7197, 7371, 7604, 7765, 7992, 8171, 8390, 8554, 8787, 9018, 9224, 9393, 9554, 9723, 9906, 10095, 10259, 10429, 10618, 10817, 11104, 11264, 11425, 11657, 11838, 12007, 12308, 12523, 12684, 12925, 13086, 13247, 13549, 13715, 13967, 14276, 14462, 14644, 14843, 15017, 15198, 15358, 15525, 15719, 15934, 16126, 16288, 16472, 16656, 16850, 17064, 17225, 17401, 17652, 17920, 18081, 18299, 18498, 18745, 18909, 19115, 19303, 19506, 19688, 19872, 20187, 20353, 20612, 20773, 21010, 21216, 21376, 21622, 21837, 22000, 22223, 22392, 22600, 22772, 23030, 23279, 23458, 23632, 23833, 24063, 24226, 24447, 24626, 24835, 25068, 25246, 25421, 25706, 26008, 26261, 26560, 26744, 27058, 27318, 27554, 27718, 27975, 28163, 28337, 28559, 28739, 28943, 29115, 29304, 29486, 29685, 29848, 30024, 30238, 30511, 30699, 30863, 31037, 31198, 31366, 31677, 31839, 32000]",156.0,0.0093025739770382
dry-beans-noise__n_segments=20__n_observations=45254,484,change_in_mean_bs,0.1362961303698225,0.0001104874707208,0.080015026296018,0.080015026296018,"[0, 328, 3720, 9901, 10421, 14750, 16981, 19751, 20453, 23555, 23828, 26511, 28782, 29712, 32574, 33419, 34573, 36780, 44120, 44357, 45254]","[0, 328, 559, 968, 1319, 1636, 1864, 2186, 2414, 2642, 2872, 3151, 3431, 3716, 3943, 4193, 4494, 4771, 5025, 5279, 5521, 5847, 6294, 6525, 6842, 7198, 7530, 7767, 8173, 8410, 8698, 8997, 9226, 9556, 9901, 10179, 10421, 10686, 10936, 11309, 11542, 11839, 12191, 12436, 12728, 12970, 13249, 13551, 13793, 14025, 14279, 14522, 14750, 15020, 15248, 15479, 15727, 15978, 16291, 16745, 16981, 17405, 17656, 17924, 18260, 18617, 18895, 19122, 19358, 19751, 20203, 20453, 20777, 21011, 21238, 21514, 21750, 22005, 22232, 22581, 22808, 23042, 23285, 23555, 23828, 24068, 24392, 24841, 25074, 25480, 25708, 25936, 26163, 26511, 26750, 27064, 27324, 27724, 27981, 28343, 28782, 29120, 29399, 29712, 30013, 30242, 30515, 30765, 31051, 31326, 31683, 31942, 32231, 32574, 32853, 33080, 33419, 33722, 34097, 34324, 34578, 34834, 35143, 35506, 35761, 36006, 36437, 36780, 37008, 37282, 37510, 37806, 38189, 38613, 38865, 39246, 39477, 39732, 40077, 40401, 40695, 40960, 41398, 41788, 42121, 42349, 42749, 43015, 43450, 43880, 44120, 44357, 44586, 44915, 45254]",153.0,0.0120806619524955
dry-beans-noise__n_segments=20__n_observations=64000,484,change_in_mean_bs,0.1335751940555012,9.375e-05,0.078625,0.078625,"[0, 464, 5261, 14003, 14738, 20861, 24015, 27933, 28925, 33312, 33698, 37493, 40705, 42020, 46067, 47263, 48894, 52016, 62396, 62731, 64000]","[0, 464, 968, 1542, 1864, 2414, 2834, 3431, 3862, 4194, 4772, 5257, 5847, 6168, 6520, 6842, 7343, 7767, 8161, 8530, 8891, 9226, 9556, 9908, 10316, 10640, 11104, 11477, 11841, 12312, 12730, 13251, 13576, 14003, 14355, 14736, 15354, 15723, 16216, 16746, 17070, 17559, 18087, 18619, 18942, 19360, 19695, 20206, 20527, 20861, 21224, 21827, 22149, 22608, 23106, 23492, 24021, 24352, 24675, 25078, 25487, 25940, 26311, 26747, 27069, 27395, 27931, 28276, 28602, 28925, 29257, 29822, 30156, 30520, 30868, 31188, 31575, 31896, 32236, 32579, 32951, 33312, 33698, 34102, 34481, 34840, 35315, 35821, 36443, 36976, 37493, 37828, 38196, 38614, 39166, 39738, 40283, 40705, 41034, 41371, 41698, 42020, 42353, 42753, 43091, 43454, 43884, 44298, 44789, 45292, 45698, 46067, 46388, 46786, 47263, 47583, 47924, 48499, 48894, 49270, 49625, 50145, 50578, 50946, 51269, 51627, 52016, 52576, 53000, 53322, 53643, 53969, 54349, 54749, 55145, 55528, 56014, 56352, 56720, 57048, 57380, 57701, 58052, 58613, 58944, 59300, 59632, 59953, 60283, 60917, 61242, 61628, 61990, 62396, 62731, 63289, 63661, 64000]",156.0,0.0165399350225925
dry-beans-noise__n_segments=20__n_observations=90509,484,change_in_mean_bs,0.1404558933982427,6.629174999171353e-05,0.0772519859903435,0.0772519859903435,"[0, 657, 7440, 19803, 20842, 29501, 33962, 39502, 40906, 47110, 47656, 53022, 57565, 59424, 65149, 66839, 69146, 73561, 88241, 88715, 90509]","[0, 657, 1172, 1864, 2414, 2872, 3325, 3862, 4315, 4772, 5339, 5848, 6675, 7440, 8173, 8632, 9101, 9556, 10111, 10621, 11107, 11841, 12312, 12797, 13251, 13767, 14281, 15023, 15725, 16294, 17010, 17660, 18119, 18621, 19083, 19803, 20295, 20842, 21705, 22609, 23493, 24074, 24596, 25080, 25942, 26617, 27071, 27567, 28279, 29031, 29503, 29994, 30523, 31334, 32239, 32696, 33153, 33961, 34844, 35319, 35825, 36447, 36980, 37521, 38058, 38670, 39508, 40018, 40906, 41797, 42252, 42758, 43459, 43937, 44794, 45297, 45834, 46313, 47110, 47656, 48504, 48959, 49631, 50084, 50584, 51275, 52080, 52537, 53022, 53579, 54216, 54755, 55534, 56074, 56553, 57024, 57565, 58469, 58949, 59424, 60289, 60801, 61522, 62122, 62575, 63295, 64003, 64624, 65149, 65746, 66200, 66839, 67667, 68175, 68691, 69146, 69920, 70421, 71146, 71798, 72251, 72737, 73561, 74296, 74945, 75617, 76262, 76715, 77381, 78064, 78595, 79194, 79810, 80485, 81249, 81831, 82503, 83252, 83758, 84282, 84870, 85324, 85781, 86259, 86766, 87414, 88241, 88715, 89421, 89929, 90509]",149.0,0.0218931010458618
dry-beans-noise__n_segments=20__n_observations=128000,484,change_in_mean_bs,0.1368959545013504,6.25e-05,0.079109375,0.079109375,"[0, 929, 10522, 28005, 29475, 41721, 48030, 55865, 57850, 66624, 67397, 74985, 81410, 84039, 92135, 94526, 97788, 104032, 124792, 125463, 128000]","[0, 929, 1773, 2414, 3068, 3862, 4772, 5848, 6675, 7430, 8174, 8909, 9557, 10518, 11202, 11843, 12483, 13251, 14281, 15023, 15725, 16368, 17010, 18089, 18742, 19725, 20783, 21830, 22587, 23495, 24344, 25082, 25944, 26981, 28005, 28670, 29475, 30524, 31575, 32240, 33072, 33733, 34590, 35518, 36449, 37523, 38202, 39173, 40090, 40769, 41721, 42761, 43462, 44251, 44904, 45660, 46316, 46962, 48030, 49280, 50155, 51279, 52084, 53333, 53980, 54760, 55865, 56651, 57850, 58953, 59641, 60294, 60973, 62127, 63300, 64493, 65298, 65951, 66623, 67397, 68053, 68706, 69583, 70441, 71208, 71852, 72643, 73391, 74294, 74985, 75625, 76268, 77387, 78182, 79136, 79818, 80491, 81409, 82508, 83257, 84039, 85071, 85785, 86441, 87418, 88327, 88984, 89935, 90647, 91348, 92135, 93058, 93753, 94526, 95579, 96228, 96928, 97788, 98897, 100132, 100847, 101502, 102416, 103383, 104024, 104926, 105618, 106732, 108004, 108746, 109465, 110193, 110977, 111630, 112585, 113328, 113969, 114666, 115623, 116419, 117096, 117874, 118661, 119879, 120815, 121706, 122508, 123222, 124146, 124792, 125463, 126103, 126827, 128000]",152.0,0.0337218550266698
dry-beans-noise__n_segments=80__n_observations=250,484,change_in_mean_bs,0.2536756520015757,0.004,0.024,0.024,"[0, 0, 6, 17, 17, 25, 28, 33, 34, 39, 40, 44, 48, 49, 54, 56, 58, 61, 74, 74, 75, 77, 79, 80, 83, 88, 91, 93, 97, 105, 105, 109, 110, 111, 116, 117, 119, 132, 136, 139, 147, 147, 149, 150, 153, 153, 155, 155, 160, 165, 168, 171, 175, 176, 177, 182, 185, 187, 192, 196, 198, 198, 206, 207, 208, 211, 218, 218, 223, 225, 229, 232, 233, 234, 235, 239, 241, 244, 245, 248, 250]","[0, 2, 4, 6, 8, 9, 10, 12, 13, 15, 16, 18, 19, 21, 23, 25, 26, 28, 30, 31, 32, 34, 35, 37, 38, 40, 42, 44, 45, 47, 49, 50, 52, 54, 56, 58, 59, 61, 62, 64, 66, 68, 69, 71, 73, 75, 77, 79, 80, 81, 83, 85, 86, 88, 89, 91, 93, 94, 95, 97, 99, 100, 101, 102, 103, 105, 107, 109, 111, 113, 114, 116, 117, 119, 121, 123, 125, 127, 129, 130, 132, 134, 136, 137, 139, 141, 143, 145, 147, 149, 150, 151, 153, 155, 156, 157, 158, 160, 161, 162, 163, 165, 166, 168, 169, 171, 173, 175, 177, 178, 180, 182, 183, 185, 187, 188, 190, 191, 193, 194, 196, 198, 199, 200, 201, 203, 204, 206, 208, 209, 211, 212, 213, 215, 216, 218, 219, 221, 223, 224, 225, 227, 229, 230, 232, 233, 235, 237, 239, 241, 243, 244, 245, 247, 248, 250]",154.0,0.0002760080387815
dry-beans-noise__n_segments=80__n_observations=353,484,change_in_mean_bs,0.1746354964044014,0.0028328611898017,0.0254957507082152,0.0254957507082152,"[0, 1, 9, 23, 25, 35, 40, 47, 48, 56, 56, 62, 68, 70, 77, 79, 81, 86, 104, 104, 106, 109, 112, 113, 118, 125, 128, 131, 137, 148, 149, 154, 155, 157, 164, 165, 168, 187, 192, 196, 207, 208, 211, 212, 216, 217, 218, 219, 226, 233, 237, 242, 247, 249, 250, 256, 261, 264, 271, 277, 279, 280, 290, 293, 294, 298, 307, 308, 315, 318, 323, 328, 330, 330, 332, 337, 340, 345, 346, 351, 353]","[0, 1, 2, 4, 5, 7, 9, 11, 12, 13, 15, 16, 18, 19, 21, 23, 24, 26, 27, 29, 30, 32, 33, 35, 36, 37, 39, 40, 41, 43, 44, 45, 47, 48, 50, 51, 53, 54, 56, 57, 59, 60, 62, 63, 65, 66, 68, 70, 72, 73, 75, 77, 79, 81, 83, 84, 86, 87, 89, 90, 92, 94, 96, 97, 99, 101, 102, 104, 106, 107, 109, 110, 112, 114, 116, 118, 119, 120, 122, 123, 124, 126, 128, 129, 131, 132, 134, 135, 137, 138, 139, 141, 142, 144, 145, 146, 148, 149, 150, 152, 154, 155, 157, 158, 160, 161, 163, 165, 167, 169, 171, 173, 174, 175, 176, 178, 179, 181, 183, 184, 186, 187, 188, 190, 192, 193, 194, 195, 197, 199, 200, 202, 204, 206, 208, 210, 212, 213, 215, 217, 219, 221, 222, 224, 226, 228, 229, 230, 231, 233, 235, 237, 238, 239, 240, 242, 244, 245, 247, 248, 250, 252, 253, 254, 256, 257, 259, 261, 262, 264, 266, 268, 269, 271, 273, 275, 277, 279, 281, 282, 284, 286, 287, 288, 290, 291, 292, 294, 295, 296, 298, 299, 300, 302, 303, 304, 305, 307, 308, 310, 312, 314, 315, 316, 318, 320, 321, 323, 324, 325, 326, 328, 330, 332, 333, 334, 335, 337, 338, 340, 342, 344, 346, 348, 349, 351, 353]",225.0,0.0003748659510165
dry-beans-noise__n_segments=80__n_observations=500,484,change_in_mean_bs,0.1305913265317407,0.002,0.026,0.026,"[0, 1, 12, 33, 35, 49, 57, 66, 68, 79, 79, 88, 96, 99, 109, 111, 115, 122, 147, 148, 151, 154, 159, 160, 167, 176, 181, 185, 193, 209, 211, 218, 219, 222, 233, 233, 237, 265, 273, 278, 294, 295, 299, 301, 306, 307, 309, 310, 320, 330, 335, 342, 349, 353, 354, 363, 370, 374, 384, 392, 396, 397, 411, 415, 417, 423, 435, 437, 446, 450, 458, 464, 467, 468, 471, 477, 481, 488, 491, 497, 500]","[0, 1, 2, 4, 6, 7, 8, 10, 12, 13, 15, 16, 18, 19, 21, 23, 25, 27, 28, 29, 31, 33, 35, 37, 39, 40, 42, 43, 45, 46, 48, 49, 51, 53, 54, 56, 58, 59, 61, 63, 64, 66, 68, 69, 71, 73, 75, 77, 79, 80, 81, 83, 84, 86, 88, 89, 91, 92, 94, 96, 97, 99, 100, 101, 103, 105, 107, 109, 111, 112, 113, 115, 116, 118, 119, 120, 122, 123, 124, 126, 127, 129, 130, 131, 132, 134, 135, 137, 138, 139, 141, 142, 144, 145, 147, 148, 149, 151, 152, 154, 155, 156, 157, 159, 161, 162, 164, 166, 167, 169, 170, 172, 173, 175, 176, 177, 178, 179, 181, 183, 185, 186, 188, 190, 191, 193, 194, 196, 197, 199, 200, 202, 204, 206, 207, 209, 211, 213, 215, 216, 217, 219, 220, 222, 223, 224, 226, 228, 229, 231, 233, 234, 235, 237, 238, 240, 242, 244, 246, 248, 249, 250, 252, 253, 254, 256, 257, 259, 260, 261, 263, 265, 267, 269, 270, 271, 273, 274, 276, 278, 280, 282, 284, 286, 287, 288, 290, 292, 294, 296, 297, 299, 301, 302, 304, 305, 306, 308, 310, 312, 314, 315, 316, 318, 320, 321, 323, 325, 326, 327, 328, 330, 332, 334, 335, 336, 337, 339, 340, 342, 343, 344, 346, 347, 349, 350, 352, 354, 356, 358, 360, 362, 364, 366, 368, 370, 371, 372, 374, 375, 377, 379, 381, 382, 383, 385, 387, 389, 391, 392, 394, 396, 397, 398, 400, 401, 402, 404, 406, 407, 409, 411, 412, 413, 415, 417, 419, 421, 423, 425, 427, 428, 430, 432, 433, 435, 436, 438, 440, 441, 443, 444, 446, 448, 449, 451, 453, 454, 456, 458, 459, 461, 462, 464, 465, 467, 468, 469, 471, 472, 473, 475, 477, 479, 481, 482, 484, 486, 488, 489, 491, 492, 494, 495, 497, 498, 500]",315.0,0.0005275059957057
dry-beans-noise__n_segments=80__n_observations=707,484,change_in_mean_bs,0.0954863785700188,0.0014144271570014,0.0268741159830268,0.0268741159830268,"[0, 1, 17, 47, 49, 70, 80, 93, 96, 111, 112, 125, 136, 140, 153, 157, 163, 173, 208, 209, 213, 217, 225, 226, 236, 249, 257, 262, 274, 296, 298, 308, 310, 314, 329, 330, 336, 375, 385, 393, 415, 417, 423, 426, 433, 434, 437, 439, 452, 467, 474, 484, 494, 499, 501, 513, 523, 529, 543, 554, 559, 561, 582, 586, 590, 598, 615, 618, 631, 636, 647, 656, 660, 662, 666, 675, 680, 690, 694, 703, 707]","[0, 1, 2, 4, 5, 7, 9, 10, 11, 13, 14, 16, 17, 18, 19, 21, 23, 25, 27, 28, 29, 31, 32, 34, 35, 36, 37, 39, 41, 42, 44, 45, 47, 49, 50, 52, 54, 55, 57, 59, 61, 63, 65, 66, 68, 70, 71, 72, 74, 76, 77, 79, 80, 82, 83, 84, 85, 87, 88, 89, 91, 93, 95, 97, 98, 100, 101, 103, 105, 107, 109, 111, 112, 113, 115, 117, 119, 120, 122, 123, 125, 126, 128, 129, 130, 132, 133, 134, 136, 138, 140, 141, 142, 143, 145, 146, 148, 150, 151, 153, 154, 156, 158, 159, 161, 162, 163, 164, 166, 168, 169, 171, 173, 174, 176, 177, 179, 180, 182, 183, 185, 186, 187, 188, 190, 192, 193, 194, 195, 197, 198, 200, 201, 203, 205, 207, 209, 211, 213, 214, 215, 217, 219, 220, 221, 223, 225, 226, 228, 229, 231, 232, 234, 236, 238, 240, 241, 242, 244, 245, 247, 249, 250, 251, 253, 255, 257, 258, 259, 260, 262, 263, 265, 266, 268, 269, 270, 272, 274, 276, 278, 279, 281, 282, 284, 286, 288, 290, 291, 293, 294, 296, 298, 299, 301, 302, 304, 306, 307, 308, 310, 311, 312, 314, 315, 316, 317, 319, 321, 323, 325, 326, 327, 329, 330, 331, 333, 335, 337, 338, 339, 341, 343, 345, 347, 349, 350, 351, 353, 354, 355, 356, 358, 359, 361, 362, 364, 366, 367, 369, 371, 372, 373, 375, 377, 379, 381, 383, 385, 386, 388, 390, 391, 393, 395, 397, 399, 400, 402, 404, 406, 408, 409, 411, 413, 415, 417, 418, 420, 421, 423, 424, 426, 427, 428, 429, 431, 433, 435, 437, 439, 440, 442, 443, 445, 446, 448, 449, 450, 452, 454, 456, 457, 459, 460, 462, 464, 465, 467, 468, 469, 471, 472, 474, 476, 477, 479, 481, 483, 485, 487, 488, 490, 491, 492, 494, 495, 497, 499, 501, 502, 504, 506, 508, 509, 511, 513, 515, 516, 518, 519, 521, 523, 525, 526, 527, 529, 530, 531, 532, 534, 535, 537, 539, 540, 541, 543, 545, 547, 548, 550, 551, 552, 554, 555, 557, 559, 561, 562, 564, 566, 568, 570, 572, 573, 575, 576, 578, 580, 582, 584, 586, 587, 588, 590, 591, 592, 593, 595, 596, 598, 599, 601, 602, 604, 605, 607, 609, 610, 612, 613, 615, 616, 618, 620, 621, 623, 624, 625, 627, 629, 631, 632, 634, 635, 636, 637, 639, 640, 642, 644, 645, 647, 649, 651, 653, 654, 656, 658, 660, 662, 664, 666, 667, 668, 669, 671, 672, 674, 675, 677, 678, 680, 682, 683, 685, 687, 688, 690, 691, 692, 694, 696, 698, 700, 701, 703, 705, 707]",447.0,0.0007124340627342
dry-beans-noise__n_segments=80__n_observations=1000,484,change_in_mean_bs,0.1782565451270283,0.002,0.027,0.027,"[0, 2, 25, 66, 70, 99, 114, 132, 136, 157, 159, 177, 192, 198, 217, 222, 230, 245, 294, 296, 301, 307, 318, 320, 333, 353, 363, 370, 387, 418, 422, 435, 438, 444, 465, 467, 475, 530, 545, 556, 588, 589, 598, 602, 612, 614, 618, 620, 640, 660, 670, 685, 699, 706, 709, 726, 740, 748, 768, 784, 791, 793, 823, 829, 834, 845, 870, 874, 893, 900, 916, 928, 933, 936, 941, 954, 962, 976, 981, 994, 1000]","[0, 2, 4, 6, 9, 13, 16, 19, 22, 25, 27, 31, 34, 37, 41, 44, 47, 50, 52, 56, 58, 61, 65, 67, 70, 72, 75, 77, 81, 84, 86, 89, 92, 95, 97, 100, 103, 106, 108, 111, 114, 116, 118, 121, 125, 128, 132, 136, 138, 140, 143, 146, 150, 152, 155, 159, 162, 166, 170, 174, 177, 179, 182, 185, 188, 192, 194, 197, 199, 202, 204, 207, 209, 211, 214, 217, 220, 222, 226, 230, 232, 235, 238, 240, 242, 245, 247, 251, 253, 256, 259, 263, 267, 271, 275, 278, 282, 286, 289, 293, 296, 300, 303, 307, 310, 313, 317, 320, 322, 324, 326, 329, 333, 335, 337, 340, 344, 347, 351, 353, 356, 360, 364, 366, 370, 372, 375, 377, 380, 383, 386, 390, 393, 395, 399, 402, 406, 410, 413, 417, 420, 423, 425, 428, 431, 433, 436, 438, 440, 444, 446, 450, 454, 456, 459, 462, 465, 469, 472, 475, 478, 481, 484, 486, 490, 493, 495, 499, 502, 504, 506, 509, 513, 516, 519, 521, 524, 526, 530, 533, 536, 539, 542, 545, 549, 553, 556, 560, 562, 565, 569, 571, 574, 577, 580, 583, 585, 588, 590, 592, 595, 598, 602, 605, 608, 612, 614, 617, 620, 622, 624, 627, 630, 633, 637, 640, 642, 646, 648, 651, 654, 657, 660, 662, 664, 667, 670, 672, 675, 678, 682, 685, 689, 692, 696, 699, 702, 706, 709, 711, 714, 717, 720, 723, 726, 729, 732, 736, 740, 742, 745, 748, 750, 753, 756, 760, 763, 765, 768, 770, 774, 777, 779, 782, 784, 787, 791, 793, 796, 798, 801, 804, 806, 809, 812, 816, 819, 822, 824, 827, 830, 832, 835, 838, 841, 845, 847, 850, 853, 856, 859, 862, 864, 867, 870, 874, 878, 881, 884, 886, 889, 893, 895, 898, 901, 903, 907, 910, 913, 916, 918, 921, 923, 925, 928, 931, 934, 937, 941, 943, 945, 948, 951, 954, 956, 959, 962, 966, 968, 970, 973, 976, 978, 981, 984, 986, 989, 991, 994, 996, 1000]",339.0,0.000684094033204
dry-beans-noise__n_segments=80__n_observations=1414,484,change_in_mean_bs,0.1320148740357831,0.0014144271570014,0.0268741159830268,0.0268741159830268,"[0, 3, 35, 94, 98, 139, 160, 187, 193, 222, 225, 250, 271, 280, 307, 315, 325, 346, 416, 418, 426, 435, 449, 452, 471, 499, 513, 524, 547, 592, 596, 616, 620, 628, 658, 660, 671, 749, 771, 786, 831, 833, 846, 851, 865, 868, 874, 877, 905, 934, 948, 968, 988, 998, 1002, 1027, 1046, 1057, 1086, 1108, 1119, 1122, 1163, 1173, 1179, 1195, 1231, 1235, 1262, 1273, 1295, 1312, 1320, 1323, 1331, 1349, 1361, 1381, 1388, 1405, 1414]","[0, 3, 5, 9, 13, 16, 19, 22, 24, 28, 32, 35, 37, 41, 44, 48, 52, 56, 58, 61, 65, 67, 71, 74, 77, 79, 83, 86, 88, 91, 94, 98, 102, 104, 107, 109, 112, 114, 117, 120, 123, 125, 129, 133, 135, 138, 141, 143, 146, 149, 153, 157, 160, 162, 166, 170, 174, 178, 181, 184, 187, 189, 193, 196, 198, 201, 203, 206, 209, 212, 216, 219, 222, 225, 228, 231, 235, 237, 241, 244, 246, 250, 253, 255, 258, 262, 265, 269, 272, 276, 280, 282, 286, 290, 293, 296, 299, 301, 304, 306, 309, 311, 315, 319, 321, 323, 326, 329, 331, 333, 336, 338, 340, 343, 346, 348, 351, 353, 356, 360, 364, 366, 368, 372, 374, 377, 379, 382, 385, 387, 390, 393, 395, 399, 403, 406, 410, 414, 418, 420, 424, 426, 429, 432, 435, 437, 440, 444, 446, 449, 452, 456, 459, 462, 464, 466, 468, 471, 473, 477, 480, 483, 486, 488, 490, 493, 496, 499, 501, 504, 508, 510, 512, 515, 519, 521, 524, 528, 530, 533, 535, 539, 543, 545, 549, 552, 556, 559, 563, 566, 568, 571, 573, 576, 579, 582, 585, 588, 592, 595, 599, 602, 606, 610, 613, 616, 618, 621, 623, 625, 628, 631, 633, 636, 638, 641, 644, 647, 651, 654, 657, 660, 662, 664, 667, 671, 674, 677, 680, 682, 684, 687, 689, 692, 696, 698, 701, 704, 707, 711, 713, 716, 720, 722, 726, 729, 732, 735, 738, 740, 743, 746, 749, 751, 754, 758, 761, 764, 767, 771, 774, 777, 780, 782, 786, 789, 793, 796, 798, 801, 803, 807, 810, 814, 816, 820, 823, 826, 828, 831, 833, 836, 839, 843, 846, 848, 851, 854, 856, 859, 862, 865, 867, 870, 874, 877, 880, 883, 885, 887, 890, 894, 896, 899, 902, 905, 908, 911, 914, 917, 921, 925, 928, 931, 934, 938, 942, 944, 946, 949, 952, 955, 957, 960, 964, 968, 971, 974, 976, 979, 983, 986, 989, 993, 995, 998, 1002, 1006, 1008, 1010, 1013, 1016, 1020, 1024, 1027, 1029, 1031, 1033, 1037, 1039, 1043, 1046, 1048, 1051, 1054, 1057, 1059, 1063, 1066, 1070, 1073, 1077, 1080, 1083, 1086, 1089, 1092, 1095, 1097, 1100, 1102, 1104, 1108, 1110, 1114, 1116, 1119, 1122, 1126, 1128, 1131, 1134, 1137, 1140, 1142, 1146, 1148, 1152, 1155, 1158, 1160, 1163, 1167, 1170, 1173, 1175, 1179, 1182, 1185, 1187, 1190, 1192, 1195, 1199, 1202, 1206, 1209, 1213, 1217, 1219, 1222, 1224, 1227, 1231, 1235, 1238, 1241, 1243, 1247, 1249, 1253, 1255, 1258, 1262, 1264, 1268, 1270, 1273, 1277, 1281, 1285, 1287, 1289, 1292, 1295, 1297, 1300, 1302, 1304, 1307, 1309, 1312, 1314, 1318, 1321, 1323, 1326, 1328, 1331, 1335, 1339, 1342, 1344, 1347, 1351, 1353, 1356, 1359, 1362, 1365, 1367, 1371, 1374, 1378, 1381, 1384, 1388, 1392, 1395, 1399, 1401, 1405, 1407, 1409, 1411, 1414]",474.0,0.0009936819551512
dry-beans-noise__n_segments=80__n_observations=2000,484,change_in_mean_bs,0.1491263170946395,0.0015,0.0275,0.0275,"[0, 4, 49, 133, 139, 197, 227, 264, 273, 314, 318, 353, 384, 396, 434, 445, 460, 489, 588, 591, 603, 615, 636, 640, 667, 706, 726, 741, 774, 837, 843, 871, 877, 889, 931, 933, 949, 1060, 1090, 1112, 1175, 1179, 1196, 1204, 1224, 1227, 1236, 1241, 1279, 1321, 1341, 1370, 1398, 1411, 1418, 1453, 1480, 1495, 1536, 1567, 1582, 1586, 1646, 1659, 1668, 1691, 1741, 1747, 1786, 1800, 1832, 1856, 1867, 1872, 1883, 1909, 1925, 1953, 1963, 1988, 2000]","[0, 4, 9, 13, 19, 22, 28, 31, 35, 38, 41, 45, 50, 56, 61, 65, 68, 71, 77, 83, 86, 91, 97, 100, 104, 107, 110, 114, 119, 125, 129, 133, 139, 145, 150, 154, 157, 160, 163, 168, 172, 176, 180, 183, 186, 192, 197, 200, 204, 210, 215, 218, 222, 227, 231, 235, 239, 242, 248, 251, 255, 258, 264, 269, 273, 276, 280, 283, 287, 291, 296, 299, 304, 310, 314, 318, 324, 327, 332, 335, 338, 342, 345, 349, 353, 357, 362, 366, 370, 373, 378, 384, 390, 396, 400, 404, 410, 414, 417, 421, 425, 430, 435, 439, 445, 450, 455, 458, 462, 467, 471, 476, 479, 482, 488, 493, 496, 499, 503, 509, 512, 518, 521, 524, 528, 532, 538, 543, 549, 553, 556, 560, 564, 570, 573, 577, 582, 587, 591, 594, 597, 603, 609, 614, 618, 623, 627, 630, 634, 640, 646, 651, 654, 657, 661, 667, 670, 673, 677, 681, 686, 692, 695, 701, 706, 709, 712, 715, 718, 722, 726, 730, 735, 740, 744, 747, 751, 756, 760, 764, 767, 771, 774, 779, 782, 785, 790, 795, 798, 802, 806, 812, 818, 821, 825, 831, 837, 843, 847, 850, 855, 858, 863, 867, 871, 874, 879, 883, 886, 891, 897, 900, 904, 908, 912, 916, 919, 923, 927, 931, 934, 940, 944, 949, 953, 956, 961, 965, 969, 972, 975, 978, 982, 986, 991, 995, 999, 1005, 1009, 1014, 1020, 1026, 1031, 1034, 1038, 1042, 1046, 1050, 1056, 1060, 1065, 1069, 1073, 1077, 1083, 1086, 1090, 1095, 1099, 1102, 1107, 1112, 1115, 1119, 1122, 1126, 1130, 1134, 1139, 1143, 1146, 1151, 1156, 1162, 1166, 1172, 1178, 1183, 1188, 1192, 1196, 1199, 1204, 1207, 1210, 1214, 1218, 1223, 1227, 1230, 1235, 1241, 1247, 1251, 1255, 1261, 1267, 1273, 1279, 1284, 1288, 1291, 1294, 1298, 1302, 1306, 1309, 1314, 1317, 1321, 1324, 1328, 1332, 1336, 1341, 1344, 1349, 1353, 1359, 1362, 1366, 1370, 1373, 1377, 1383, 1386, 1389, 1394, 1398, 1401, 1405, 1411, 1414, 1418, 1423, 1427, 1431, 1434, 1440, 1446, 1449, 1453, 1456, 1460, 1466, 1472, 1476, 1480, 1483, 1487, 1491, 1495, 1499, 1505, 1511, 1516, 1522, 1525, 1530, 1536, 1541, 1544, 1548, 1552, 1555, 1559, 1562, 1567, 1573, 1578, 1582, 1587, 1591, 1594, 1600, 1603, 1608, 1611, 1615, 1620, 1624, 1627, 1630, 1634, 1640, 1646, 1651, 1655, 1659, 1663, 1667, 1670, 1674, 1677, 1681, 1685, 1690, 1695, 1699, 1702, 1706, 1709, 1714, 1718, 1721, 1725, 1728, 1734, 1737, 1741, 1744, 1748, 1751, 1754, 1759, 1762, 1766, 1771, 1774, 1780, 1786, 1789, 1793, 1797, 1800, 1804, 1808, 1812, 1817, 1822, 1825, 1830, 1833, 1838, 1842, 1847, 1851, 1856, 1859, 1863, 1867, 1872, 1878, 1883, 1889, 1893, 1899, 1902, 1906, 1911, 1917, 1921, 1925, 1928, 1934, 1938, 1942, 1947, 1953, 1957, 1963, 1966, 1970, 1974, 1979, 1983, 1988, 1991, 1996, 2000]",468.0,0.0011441699462011
dry-beans-noise__n_segments=80__n_observations=2828,484,change_in_mean_bs,0.146820589881764,0.001060820367751,0.0272277227722772,0.0272277227722772,"[0, 5, 70, 188, 197, 279, 321, 373, 386, 445, 449, 500, 543, 560, 614, 629, 650, 692, 832, 836, 852, 870, 899, 905, 943, 998, 1026, 1048, 1094, 1183, 1192, 1232, 1239, 1257, 1316, 1320, 1343, 1498, 1541, 1572, 1662, 1667, 1691, 1702, 1731, 1735, 1748, 1755, 1809, 1867, 1896, 1936, 1976, 1996, 2004, 2054, 2092, 2114, 2171, 2216, 2238, 2243, 2327, 2345, 2358, 2390, 2461, 2471, 2525, 2545, 2590, 2625, 2640, 2646, 2662, 2699, 2722, 2761, 2775, 2810, 2828]","[0, 5, 13, 19, 23, 28, 35, 39, 45, 51, 57, 65, 70, 77, 83, 91, 97, 102, 109, 114, 119, 125, 129, 135, 141, 147, 152, 156, 161, 167, 172, 177, 182, 188, 192, 197, 205, 211, 216, 220, 225, 230, 236, 241, 245, 250, 257, 262, 267, 272, 279, 283, 290, 294, 299, 307, 314, 321, 328, 336, 340, 346, 350, 354, 361, 367, 373, 377, 382, 387, 393, 399, 403, 410, 414, 419, 424, 430, 435, 439, 444, 449, 457, 462, 469, 475, 479, 485, 489, 494, 500, 504, 509, 515, 522, 527, 534, 538, 543, 548, 555, 560, 567, 574, 581, 586, 590, 595, 603, 609, 614, 618, 624, 629, 633, 640, 644, 650, 658, 663, 668, 674, 680, 684, 692, 699, 706, 710, 715, 720, 725, 730, 734, 739, 743, 748, 754, 758, 762, 770, 774, 781, 785, 790, 795, 800, 804, 809, 813, 818, 823, 829, 836, 840, 846, 852, 860, 865, 870, 878, 884, 891, 898, 905, 909, 914, 920, 925, 929, 933, 938, 943, 949, 953, 958, 965, 972, 976, 981, 985, 990, 998, 1005, 1010, 1016, 1020, 1026, 1030, 1034, 1041, 1048, 1055, 1059, 1065, 1069, 1075, 1082, 1087, 1093, 1100, 1105, 1110, 1117, 1125, 1130, 1136, 1140, 1145, 1150, 1154, 1162, 1167, 1173, 1178, 1183, 1187, 1194, 1199, 1205, 1211, 1216, 1220, 1227, 1232, 1239, 1246, 1250, 1257, 1265, 1269, 1275, 1279, 1287, 1294, 1299, 1305, 1310, 1315, 1320, 1326, 1330, 1335, 1339, 1344, 1348, 1353, 1357, 1363, 1367, 1373, 1380, 1388, 1396, 1403, 1408, 1414, 1420, 1425, 1429, 1434, 1441, 1449, 1453, 1458, 1464, 1468, 1473, 1479, 1485, 1491, 1498, 1502, 1506, 1512, 1517, 1525, 1531, 1536, 1541, 1549, 1554, 1561, 1566, 1572, 1578, 1583, 1588, 1593, 1598, 1606, 1610, 1616, 1622, 1630, 1634, 1639, 1646, 1651, 1656, 1660, 1665, 1671, 1676, 1680, 1685, 1690, 1694, 1702, 1708, 1714, 1721, 1726, 1731, 1735, 1742, 1748, 1753, 1758, 1764, 1768, 1773, 1779, 1786, 1791, 1795, 1800, 1808, 1813, 1817, 1825, 1833, 1838, 1843, 1851, 1855, 1861, 1867, 1874, 1882, 1889, 1895, 1899, 1905, 1909, 1917, 1923, 1931, 1936, 1941, 1947, 1952, 1959, 1967, 1971, 1976, 1982, 1986, 1991, 1996, 2004, 2010, 2014, 2020, 2024, 2030, 2035, 2043, 2048, 2053, 2058, 2063, 2067, 2072, 2077, 2081, 2086, 2092, 2096, 2101, 2107, 2114, 2119, 2127, 2131, 2135, 2140, 2146, 2152, 2157, 2162, 2166, 2171, 2175, 2182, 2190, 2197, 2202, 2209, 2216, 2221, 2226, 2231, 2238, 2243, 2248, 2255, 2260, 2265, 2270, 2278, 2283, 2291, 2297, 2305, 2313, 2320, 2327, 2333, 2337, 2345, 2352, 2358, 2364, 2368, 2376, 2381, 2385, 2390, 2394, 2398, 2404, 2408, 2413, 2418, 2424, 2429, 2437, 2441, 2449, 2453, 2458, 2463, 2471, 2477, 2482, 2489, 2496, 2500, 2505, 2513, 2518, 2523, 2527, 2533, 2538, 2545, 2553, 2558, 2565, 2569, 2575, 2579, 2587, 2592, 2596, 2601, 2609, 2614, 2619, 2625, 2629, 2635, 2640, 2646, 2651, 2655, 2660, 2665, 2670, 2675, 2680, 2685, 2690, 2695, 2700, 2705, 2711, 2715, 2722, 2726, 2732, 2737, 2743, 2749, 2753, 2761, 2766, 2771, 2776, 2783, 2790, 2795, 2801, 2805, 2810, 2814, 2820, 2828]",506.0,0.0017317350720986
dry-beans-noise__n_segments=80__n_observations=4000,484,change_in_mean_bs,0.132521387914486,0.00075,0.02675,0.02675,"[0, 8, 99, 265, 278, 395, 454, 528, 546, 629, 635, 707, 767, 792, 868, 890, 920, 979, 1177, 1182, 1205, 1230, 1271, 1280, 1333, 1412, 1452, 1482, 1548, 1673, 1686, 1742, 1753, 1777, 1861, 1866, 1899, 2119, 2180, 2224, 2350, 2358, 2392, 2408, 2448, 2454, 2473, 2482, 2559, 2641, 2682, 2739, 2795, 2823, 2835, 2905, 2960, 2990, 3071, 3134, 3165, 3173, 3291, 3317, 3336, 3381, 3481, 3495, 3571, 3600, 3663, 3713, 3734, 3743, 3765, 3817, 3850, 3905, 3925, 3975, 4000]","[0, 8, 13, 19, 28, 35, 45, 51, 57, 66, 71, 78, 84, 92, 100, 109, 119, 129, 135, 144, 152, 161, 166, 176, 182, 187, 194, 200, 207, 215, 222, 228, 233, 243, 252, 259, 265, 273, 280, 289, 295, 302, 308, 315, 321, 330, 338, 348, 353, 363, 369, 374, 381, 390, 396, 402, 407, 413, 421, 427, 433, 438, 444, 454, 461, 466, 473, 479, 489, 498, 503, 508, 514, 520, 528, 538, 546, 552, 558, 564, 573, 579, 586, 591, 597, 602, 608, 614, 619, 628, 635, 645, 654, 664, 674, 680, 687, 695, 701, 707, 712, 721, 726, 736, 745, 754, 760, 767, 775, 783, 792, 797, 802, 810, 815, 821, 827, 833, 840, 846, 852, 858, 868, 873, 879, 884, 890, 897, 903, 909, 914, 920, 926, 932, 940, 946, 953, 960, 966, 973, 979, 988, 997, 1002, 1008, 1018, 1024, 1033, 1039, 1045, 1050, 1057, 1065, 1075, 1080, 1086, 1091, 1097, 1103, 1110, 1115, 1121, 1128, 1136, 1141, 1147, 1156, 1161, 1170, 1176, 1182, 1188, 1194, 1199, 1205, 1215, 1221, 1230, 1236, 1242, 1248, 1257, 1262, 1271, 1280, 1285, 1291, 1297, 1303, 1309, 1314, 1320, 1327, 1333, 1338, 1343, 1351, 1357, 1365, 1375, 1385, 1392, 1400, 1406, 1412, 1417, 1425, 1430, 1436, 1445, 1453, 1459, 1468, 1474, 1482, 1488, 1494, 1500, 1506, 1512, 1519, 1527, 1535, 1541, 1548, 1553, 1558, 1564, 1571, 1576, 1582, 1589, 1597, 1603, 1609, 1617, 1627, 1633, 1641, 1648, 1653, 1661, 1667, 1673, 1679, 1686, 1691, 1697, 1705, 1713, 1721, 1727, 1734, 1741, 1749, 1755, 1764, 1771, 1777, 1787, 1793, 1799, 1805, 1814, 1822, 1832, 1839, 1845, 1851, 1860, 1866, 1871, 1877, 1883, 1893, 1899, 1908, 1913, 1919, 1925, 1931, 1937, 1946, 1951, 1956, 1962, 1967, 1974, 1982, 1987, 1992, 1998, 2005, 2012, 2020, 2028, 2034, 2040, 2045, 2052, 2057, 2063, 2073, 2082, 2089, 2096, 2105, 2110, 2120, 2125, 2130, 2139, 2147, 2154, 2160, 2166, 2172, 2180, 2186, 2192, 2201, 2210, 2217, 2224, 2230, 2237, 2242, 2250, 2256, 2263, 2269, 2277, 2283, 2289, 2294, 2300, 2305, 2313, 2319, 2327, 2335, 2342, 2350, 2359, 2367, 2374, 2383, 2392, 2400, 2408, 2413, 2420, 2426, 2432, 2438, 2447, 2454, 2461, 2466, 2473, 2482, 2488, 2495, 2502, 2508, 2516, 2522, 2527, 2533, 2540, 2546, 2553, 2559, 2565, 2574, 2579, 2586, 2596, 2601, 2608, 2614, 2623, 2631, 2641, 2648, 2657, 2662, 2669, 2675, 2682, 2691, 2699, 2706, 2714, 2723, 2728, 2734, 2740, 2745, 2750, 2756, 2762, 2768, 2778, 2784, 2789, 2794, 2800, 2809, 2817, 2823, 2829, 2835, 2843, 2849, 2855, 2862, 2868, 2874, 2880, 2885, 2890, 2896, 2903, 2911, 2919, 2926, 2933, 2943, 2949, 2954, 2960, 2967, 2975, 2983, 2990, 2998, 3005, 3012, 3017, 3022, 3029, 3036, 3046, 3055, 3061, 3071, 3076, 3081, 3086, 3094, 3099, 3106, 3112, 3122, 3128, 3134, 3140, 3147, 3157, 3165, 3173, 3181, 3188, 3197, 3203, 3210, 3217, 3222, 3228, 3233, 3239, 3247, 3254, 3262, 3271, 3279, 3284, 3290, 3296, 3302, 3308, 3317, 3322, 3328, 3336, 3341, 3347, 3352, 3359, 3368, 3373, 3381, 3388, 3396, 3402, 3407, 3414, 3420, 3425, 3435, 3440, 3446, 3456, 3462, 3469, 3475, 3481, 3487, 3496, 3506, 3513, 3519, 3524, 3530, 3536, 3541, 3547, 3552, 3558, 3566, 3572, 3578, 3583, 3588, 3594, 3600, 3606, 3612, 3618, 3625, 3630, 3636, 3642, 3648, 3654, 3663, 3668, 3675, 3683, 3688, 3694, 3700, 3707, 3713, 3720, 3727, 3734, 3743, 3748, 3754, 3759, 3765, 3772, 3782, 3789, 3796, 3801, 3808, 3814, 3821, 3827, 3833, 3840, 3850, 3855, 3862, 3869, 3874, 3880, 3890, 3897, 3905, 3910, 3919, 3928, 3935, 3944, 3951, 3957, 3963, 3969, 3975, 3980, 3987, 3994, 4000]",585.0,0.0020026329439133
dry-beans-noise__n_segments=80__n_observations=5656,484,change_in_mean_bs,0.1562391416281671,0.0008840169731258,0.0272277227722772,0.0272277227722772,"[0, 11, 140, 375, 393, 558, 642, 747, 772, 889, 898, 1000, 1085, 1119, 1227, 1258, 1301, 1384, 1664, 1672, 1704, 1739, 1798, 1810, 1885, 1996, 2053, 2095, 2188, 2366, 2384, 2463, 2479, 2513, 2632, 2639, 2685, 2997, 3083, 3144, 3324, 3334, 3382, 3405, 3462, 3470, 3496, 3509, 3618, 3734, 3792, 3873, 3952, 3991, 4009, 4108, 4185, 4228, 4343, 4432, 4475, 4486, 4654, 4691, 4717, 4781, 4923, 4942, 5050, 5090, 5180, 5250, 5280, 5293, 5324, 5398, 5444, 5522, 5551, 5621, 5656]","[0, 11, 19, 35, 45, 57, 66, 74, 84, 98, 106, 115, 126, 140, 152, 161, 170, 182, 197, 207, 222, 232, 243, 252, 260, 273, 282, 295, 304, 314, 323, 332, 340, 350, 366, 375, 383, 393, 406, 414, 422, 434, 448, 461, 472, 481, 491, 500, 512, 522, 530, 541, 549, 558, 566, 575, 589, 597, 608, 617, 631, 642, 658, 668, 677, 690, 699, 707, 717, 726, 734, 747, 763, 772, 787, 798, 810, 820, 829, 838, 847, 857, 865, 877, 889, 898, 908, 917, 926, 939, 947, 959, 972, 981, 990, 1000, 1008, 1024, 1038, 1047, 1056, 1067, 1075, 1085, 1094, 1108, 1124, 1140, 1149, 1160, 1171, 1185, 1198, 1213, 1227, 1243, 1258, 1266, 1279, 1292, 1301, 1309, 1322, 1330, 1338, 1350, 1364, 1373, 1384, 1399, 1413, 1422, 1433, 1444, 1459, 1468, 1477, 1485, 1498, 1506, 1522, 1537, 1551, 1562, 1575, 1583, 1593, 1608, 1620, 1628, 1636, 1652, 1664, 1674, 1682, 1693, 1704, 1714, 1723, 1739, 1750, 1766, 1777, 1786, 1798, 1810, 1820, 1832, 1842, 1850, 1861, 1876, 1885, 1895, 1905, 1914, 1922, 1931, 1943, 1953, 1963, 1974, 1986, 1996, 2009, 2023, 2031, 2039, 2055, 2063, 2076, 2092, 2101, 2111, 2121, 2136, 2149, 2160, 2170, 2179, 2188, 2202, 2211, 2227, 2239, 2248, 2258, 2274, 2288, 2300, 2311, 2324, 2332, 2340, 2353, 2366, 2375, 2384, 2393, 2402, 2412, 2424, 2439, 2451, 2460, 2468, 2479, 2487, 2500, 2513, 2521, 2530, 2544, 2559, 2568, 2578, 2589, 2601, 2610, 2621, 2630, 2639, 2654, 2662, 2671, 2685, 2694, 2704, 2713, 2728, 2737, 2750, 2758, 2772, 2783, 2799, 2808, 2816, 2825, 2839, 2849, 2857, 2869, 2878, 2892, 2900, 2914, 2925, 2938, 2952, 2968, 2977, 2987, 2997, 3005, 3018, 3026, 3038, 3049, 3057, 3070, 3082, 3090, 3099, 3114, 3126, 3135, 3144, 3156, 3167, 3176, 3185, 3193, 3201, 3210, 3226, 3239, 3250, 3258, 3269, 3284, 3293, 3306, 3314, 3324, 3333, 3344, 3356, 3370, 3382, 3390, 3405, 3418, 3426, 3434, 3446, 3461, 3470, 3482, 3496, 3504, 3513, 3526, 3539, 3547, 3556, 3567, 3578, 3588, 3597, 3605, 3618, 3632, 3644, 3654, 3669, 3685, 3693, 3705, 3713, 3722, 3734, 3742, 3750, 3759, 3768, 3778, 3792, 3804, 3813, 3821, 3831, 3840, 3849, 3862, 3873, 3882, 3891, 3901, 3915, 3929, 3943, 3952, 3960, 3970, 3978, 3989, 3998, 4009, 4024, 4035, 4045, 4053, 4062, 4073, 4084, 4092, 4108, 4116, 4126, 4135, 4148, 4158, 4167, 4175, 4185, 4201, 4210, 4219, 4229, 4242, 4254, 4264, 4278, 4286, 4295, 4305, 4317, 4326, 4341, 4349, 4357, 4366, 4380, 4392, 4402, 4411, 4421, 4432, 4444, 4452, 4464, 4475, 4486, 4496, 4510, 4521, 4529, 4538, 4550, 4560, 4570, 4579, 4589, 4604, 4614, 4623, 4633, 4642, 4654, 4663, 4679, 4691, 4703, 4717, 4732, 4741, 4749, 4758, 4769, 4781, 4790, 4798, 4807, 4815, 4830, 4840, 4856, 4865, 4875, 4887, 4901, 4912, 4923, 4933, 4942, 4951, 4960, 4974, 4982, 4995, 5007, 5022, 5032, 5044, 5055, 5068, 5077, 5090, 5105, 5114, 5123, 5133, 5142, 5157, 5167, 5180, 5188, 5200, 5209, 5219, 5232, 5242, 5251, 5259, 5271, 5280, 5293, 5304, 5312, 5324, 5339, 5348, 5362, 5370, 5379, 5390, 5399, 5409, 5423, 5433, 5444, 5459, 5468, 5482, 5492, 5501, 5511, 5522, 5530, 5542, 5551, 5559, 5575, 5583, 5597, 5607, 5621, 5635, 5644, 5656]",519.0,0.0027058470295742
dry-beans-noise__n_segments=80__n_observations=8000,484,change_in_mean_bs,0.1388268755789069,0.001125,0.027125,0.027125,"[0, 16, 197, 531, 557, 789, 908, 1056, 1092, 1258, 1271, 1414, 1535, 1583, 1736, 1780, 1840, 1958, 2354, 2364, 2411, 2460, 2543, 2560, 2666, 2823, 2903, 2964, 3095, 3347, 3373, 3484, 3506, 3555, 3723, 3733, 3798, 4238, 4360, 4447, 4701, 4716, 4784, 4816, 4896, 4909, 4945, 4964, 5118, 5282, 5363, 5478, 5590, 5645, 5670, 5810, 5919, 5981, 6143, 6269, 6330, 6345, 6583, 6635, 6672, 6762, 6963, 6989, 7142, 7200, 7327, 7426, 7468, 7486, 7531, 7635, 7699, 7811, 7851, 7950, 8000]","[0, 16, 28, 45, 57, 72, 84, 98, 108, 120, 130, 145, 155, 171, 183, 197, 207, 218, 232, 252, 263, 282, 293, 312, 323, 333, 347, 365, 379, 399, 409, 419, 430, 450, 463, 481, 491, 502, 520, 531, 542, 557, 577, 590, 602, 618, 628, 640, 659, 670, 690, 701, 721, 731, 743, 753, 767, 778, 789, 802, 818, 829, 841, 860, 875, 888, 908, 918, 930, 943, 963, 983, 998, 1008, 1018, 1029, 1043, 1056, 1071, 1081, 1092, 1112, 1125, 1145, 1165, 1176, 1187, 1203, 1214, 1227, 1238, 1258, 1271, 1284, 1298, 1310, 1328, 1343, 1356, 1371, 1383, 1403, 1414, 1427, 1437, 1450, 1463, 1474, 1489, 1500, 1511, 1521, 1533, 1550, 1561, 1571, 1583, 1597, 1612, 1624, 1639, 1656, 1672, 1688, 1708, 1725, 1740, 1757, 1769, 1780, 1792, 1802, 1818, 1828, 1840, 1850, 1860, 1875, 1885, 1896, 1911, 1922, 1932, 1945, 1958, 1970, 1981, 1993, 2011, 2031, 2041, 2059, 2072, 2085, 2101, 2115, 2125, 2135, 2146, 2159, 2170, 2180, 2190, 2202, 2213, 2226, 2244, 2259, 2269, 2285, 2299, 2311, 2322, 2335, 2354, 2365, 2376, 2389, 2400, 2411, 2422, 2434, 2449, 2461, 2476, 2486, 2498, 2514, 2528, 2543, 2560, 2577, 2588, 2608, 2621, 2633, 2644, 2655, 2666, 2682, 2692, 2703, 2714, 2725, 2740, 2751, 2762, 2773, 2784, 2795, 2811, 2823, 2836, 2848, 2860, 2880, 2891, 2903, 2913, 2924, 2935, 2948, 2964, 2977, 2989, 3004, 3014, 3028, 3048, 3059, 3069, 3080, 3095, 3106, 3124, 3140, 3152, 3171, 3181, 3192, 3204, 3221, 3236, 3250, 3261, 3280, 3295, 3305, 3317, 3335, 3348, 3362, 3373, 3385, 3402, 3412, 3423, 3434, 3447, 3459, 3473, 3484, 3495, 3506, 3517, 3528, 3544, 3556, 3570, 3581, 3592, 3611, 3622, 3632, 3643, 3653, 3669, 3684, 3700, 3710, 3722, 3733, 3748, 3758, 3771, 3786, 3798, 3810, 3827, 3846, 3860, 3871, 3882, 3894, 3904, 3916, 3930, 3944, 3963, 3974, 3994, 4005, 4015, 4030, 4042, 4052, 4063, 4074, 4091, 4102, 4113, 4123, 4133, 4145, 4159, 4171, 4186, 4199, 4210, 4221, 4233, 4244, 4262, 4273, 4284, 4298, 4315, 4325, 4336, 4346, 4360, 4370, 4386, 4400, 4412, 4422, 4436, 4447, 4457, 4471, 4490, 4506, 4518, 4532, 4543, 4560, 4572, 4588, 4598, 4611, 4629, 4645, 4655, 4673, 4683, 4701, 4716, 4726, 4738, 4753, 4764, 4784, 4804, 4816, 4829, 4842, 4862, 4878, 4896, 4909, 4921, 4932, 4945, 4963, 4980, 4994, 5009, 5022, 5042, 5060, 5079, 5089, 5102, 5118, 5135, 5154, 5164, 5176, 5188, 5198, 5210, 5222, 5241, 5254, 5270, 5282, 5299, 5316, 5328, 5339, 5350, 5363, 5373, 5385, 5396, 5409, 5420, 5434, 5448, 5462, 5478, 5493, 5507, 5525, 5539, 5550, 5561, 5576, 5590, 5601, 5617, 5633, 5645, 5655, 5670, 5689, 5701, 5712, 5723, 5743, 5755, 5766, 5778, 5788, 5798, 5810, 5829, 5845, 5856, 5875, 5888, 5901, 5919, 5929, 5940, 5956, 5967, 5981, 5992, 6005, 6018, 6033, 6044, 6059, 6070, 6081, 6091, 6102, 6115, 6132, 6143, 6153, 6165, 6183, 6195, 6214, 6225, 6238, 6249, 6269, 6288, 6300, 6312, 6332, 6345, 6357, 6371, 6388, 6402, 6417, 6436, 6448, 6466, 6476, 6488, 6500, 6512, 6530, 6540, 6551, 6567, 6582, 6592, 6602, 6614, 6624, 6635, 6645, 6659, 6672, 6683, 6693, 6704, 6716, 6730, 6747, 6762, 6779, 6792, 6805, 6818, 6836, 6846, 6859, 6869, 6879, 6890, 6910, 6924, 6936, 6950, 6963, 6973, 6988, 6999, 7016, 7026, 7039, 7052, 7064, 7074, 7085, 7102, 7116, 7133, 7153, 7164, 7174, 7187, 7200, 7210, 7222, 7233, 7244, 7254, 7268, 7288, 7306, 7316, 7327, 7337, 7349, 7361, 7372, 7385, 7398, 7415, 7426, 7438, 7451, 7468, 7481, 7493, 7505, 7519, 7534, 7552, 7562, 7573, 7584, 7597, 7607, 7620, 7635, 7645, 7655, 7665, 7678, 7695, 7706, 7719, 7737, 7749, 7760, 7773, 7783, 7799, 7814, 7833, 7846, 7858, 7872, 7885, 7905, 7918, 7932, 7950, 7963, 7975, 7986, 8000]",599.0,0.0034741220297291
dry-beans-noise__n_segments=80__n_observations=11313,484,change_in_mean_bs,0.1488928216142766,0.000618757182003,0.0271369221249889,0.0271369221249889,"[0, 22, 279, 750, 787, 1116, 1284, 1493, 1544, 1779, 1797, 1999, 2171, 2239, 2455, 2517, 2602, 2768, 3328, 3343, 3409, 3478, 3596, 3620, 3771, 3992, 4106, 4191, 4377, 4733, 4769, 4927, 4958, 5027, 5265, 5279, 5371, 5994, 6166, 6289, 6648, 6668, 6765, 6810, 6924, 6941, 6993, 7019, 7237, 7469, 7584, 7747, 7906, 7983, 8019, 8217, 8370, 8457, 8686, 8865, 8951, 8973, 9309, 9382, 9434, 9562, 9846, 9884, 10100, 10182, 10361, 10501, 10560, 10587, 10649, 10796, 10888, 11045, 11102, 11243, 11313]","[0, 22, 45, 60, 84, 99, 115, 145, 162, 183, 208, 228, 244, 263, 279, 297, 323, 345, 366, 383, 399, 419, 436, 463, 483, 502, 524, 543, 568, 592, 620, 636, 653, 672, 687, 703, 721, 750, 768, 787, 803, 824, 842, 861, 889, 914, 932, 949, 965, 985, 1000, 1015, 1030, 1046, 1074, 1099, 1116, 1132, 1148, 1168, 1196, 1214, 1230, 1246, 1267, 1284, 1314, 1344, 1364, 1387, 1410, 1428, 1444, 1461, 1488, 1514, 1544, 1568, 1584, 1602, 1629, 1644, 1661, 1677, 1693, 1713, 1729, 1746, 1762, 1778, 1797, 1812, 1828, 1855, 1881, 1902, 1928, 1954, 1972, 1999, 2017, 2037, 2053, 2075, 2091, 2107, 2123, 2152, 2171, 2188, 2207, 2234, 2263, 2286, 2303, 2318, 2339, 2368, 2388, 2406, 2429, 2455, 2484, 2499, 2517, 2534, 2551, 2570, 2586, 2602, 2624, 2640, 2663, 2690, 2708, 2733, 2748, 2769, 2791, 2818, 2836, 2852, 2868, 2897, 2912, 2933, 2957, 2987, 3015, 3030, 3052, 3069, 3095, 3111, 3135, 3156, 3182, 3199, 3215, 3231, 3247, 3272, 3302, 3321, 3342, 3357, 3373, 3392, 3408, 3426, 3441, 3457, 3478, 3506, 3523, 3539, 3555, 3572, 3596, 3620, 3639, 3667, 3694, 3710, 3730, 3747, 3771, 3787, 3803, 3822, 3839, 3858, 3873, 3890, 3906, 3921, 3942, 3958, 3973, 3992, 4016, 4032, 4053, 4074, 4089, 4106, 4121, 4143, 4164, 4191, 4211, 4230, 4245, 4262, 4277, 4294, 4309, 4325, 4346, 4361, 4378, 4405, 4422, 4451, 4468, 4483, 4501, 4531, 4555, 4575, 4599, 4614, 4631, 4656, 4673, 4694, 4713, 4733, 4748, 4772, 4787, 4803, 4820, 4838, 4855, 4875, 4904, 4926, 4942, 4958, 4978, 4995, 5010, 5027, 5056, 5072, 5093, 5108, 5125, 5150, 5169, 5184, 5203, 5225, 5248, 5265, 5280, 5295, 5313, 5329, 5355, 5371, 5393, 5410, 5428, 5444, 5462, 5487, 5505, 5522, 5538, 5554, 5569, 5591, 5609, 5625, 5644, 5662, 5678, 5703, 5719, 5737, 5756, 5773, 5790, 5813, 5838, 5855, 5875, 5894, 5918, 5936, 5960, 5978, 5994, 6009, 6025, 6040, 6064, 6079, 6094, 6115, 6133, 6149, 6166, 6185, 6203, 6218, 6234, 6258, 6273, 6289, 6308, 6324, 6345, 6362, 6379, 6394, 6423, 6439, 6458, 6488, 6510, 6534, 6552, 6573, 6596, 6615, 6631, 6648, 6668, 6683, 6702, 6724, 6752, 6768, 6787, 6813, 6840, 6858, 6881, 6897, 6924, 6941, 6956, 6973, 6993, 7019, 7036, 7059, 7087, 7105, 7120, 7136, 7153, 7168, 7185, 7208, 7237, 7256, 7279, 7297, 7327, 7356, 7384, 7403, 7420, 7440, 7462, 7483, 7504, 7524, 7543, 7561, 7584, 7601, 7621, 7636, 7653, 7669, 7685, 7703, 7719, 7747, 7776, 7798, 7824, 7845, 7869, 7885, 7906, 7928, 7944, 7959, 7983, 8001, 8018, 8038, 8059, 8076, 8101, 8121, 8137, 8152, 8175, 8201, 8217, 8237, 8255, 8285, 8301, 8318, 8343, 8370, 8392, 8409, 8433, 8457, 8475, 8501, 8531, 8551, 8577, 8603, 8619, 8643, 8669, 8686, 8714, 8733, 8753, 8772, 8792, 8817, 8835, 8865, 8880, 8899, 8916, 8931, 8951, 8973, 8988, 9005, 9021, 9042, 9063, 9083, 9099, 9121, 9138, 9167, 9189, 9204, 9220, 9243, 9259, 9275, 9291, 9310, 9340, 9356, 9382, 9397, 9413, 9434, 9455, 9471, 9494, 9519, 9538, 9562, 9584, 9605, 9620, 9641, 9662, 9684, 9702, 9720, 9738, 9754, 9783, 9805, 9829, 9845, 9868, 9884, 9899, 9918, 9933, 9949, 9964, 9985, 10011, 10027, 10046, 10067, 10082, 10101, 10116, 10139, 10158, 10181, 10205, 10227, 10249, 10268, 10284, 10299, 10316, 10333, 10358, 10373, 10390, 10405, 10424, 10448, 10466, 10485, 10501, 10517, 10533, 10560, 10588, 10608, 10632, 10649, 10678, 10700, 10727, 10748, 10770, 10796, 10814, 10831, 10847, 10865, 10888, 10908, 10927, 10943, 10959, 10981, 10998, 11018, 11042, 11057, 11082, 11102, 11126, 11148, 11169, 11184, 11200, 11215, 11243, 11271, 11286, 11313]",568.0,0.0043954740976914
dry-beans-noise__n_segments=80__n_observations=16000,484,change_in_mean_bs,0.1435222180755749,0.000125,0.027,0.027,"[0, 31, 395, 1061, 1113, 1578, 1816, 2112, 2184, 2516, 2541, 2828, 3070, 3166, 3472, 3559, 3680, 3915, 4707, 4729, 4821, 4919, 5085, 5120, 5333, 5646, 5807, 5927, 6190, 6694, 6745, 6968, 7013, 7109, 7446, 7466, 7596, 8477, 8720, 8895, 9402, 9431, 9567, 9631, 9793, 9817, 9891, 9927, 10236, 10564, 10726, 10956, 11181, 11291, 11341, 11621, 11838, 11961, 12285, 12537, 12659, 12691, 13165, 13270, 13343, 13524, 13925, 13979, 14285, 14400, 14653, 14851, 14935, 14973, 15062, 15269, 15399, 15621, 15702, 15901, 16000]","[0, 31, 60, 84, 120, 145, 183, 208, 233, 253, 283, 303, 324, 346, 367, 395, 415, 436, 456, 481, 502, 524, 558, 579, 599, 620, 650, 672, 698, 721, 745, 769, 805, 844, 866, 891, 916, 946, 967, 987, 1008, 1033, 1061, 1089, 1111, 1147, 1169, 1209, 1231, 1253, 1274, 1294, 1316, 1346, 1366, 1389, 1412, 1434, 1473, 1496, 1528, 1550, 1578, 1605, 1632, 1664, 1692, 1716, 1738, 1761, 1782, 1816, 1837, 1859, 1885, 1906, 1932, 1971, 2004, 2042, 2063, 2091, 2112, 2132, 2156, 2184, 2204, 2231, 2268, 2308, 2344, 2373, 2411, 2446, 2473, 2494, 2516, 2542, 2562, 2601, 2625, 2646, 2669, 2696, 2716, 2754, 2776, 2798, 2829, 2862, 2882, 2905, 2939, 2961, 2993, 3018, 3038, 3070, 3100, 3140, 3166, 3186, 3226, 3251, 3288, 3310, 3340, 3379, 3419, 3440, 3472, 3497, 3517, 3539, 3561, 3588, 3610, 3631, 3652, 3680, 3717, 3737, 3767, 3790, 3824, 3847, 3874, 3914, 3949, 3973, 3996, 4024, 4061, 4082, 4121, 4156, 4178, 4205, 4234, 4258, 4282, 4304, 4328, 4354, 4375, 4407, 4433, 4454, 4479, 4503, 4542, 4566, 4588, 4610, 4642, 4667, 4707, 4729, 4754, 4786, 4821, 4842, 4864, 4885, 4919, 4945, 4972, 5006, 5040, 5061, 5085, 5120, 5149, 5179, 5213, 5235, 5258, 5279, 5307, 5333, 5353, 5375, 5405, 5429, 5452, 5474, 5499, 5534, 5566, 5603, 5624, 5646, 5673, 5702, 5730, 5761, 5784, 5807, 5834, 5858, 5885, 5905, 5927, 5947, 5969, 5996, 6035, 6074, 6094, 6118, 6143, 6167, 6188, 6213, 6244, 6265, 6289, 6319, 6356, 6390, 6411, 6440, 6469, 6499, 6521, 6545, 6565, 6600, 6627, 6648, 6669, 6694, 6714, 6745, 6780, 6814, 6834, 6854, 6894, 6924, 6945, 6968, 6989, 7013, 7051, 7074, 7109, 7146, 7167, 7187, 7212, 7233, 7258, 7280, 7313, 7342, 7371, 7399, 7423, 7446, 7466, 7497, 7517, 7537, 7558, 7596, 7635, 7658, 7683, 7710, 7733, 7753, 7791, 7813, 7839, 7879, 7900, 7920, 7957, 7993, 8025, 8045, 8072, 8094, 8118, 8139, 8164, 8187, 8220, 8242, 8274, 8304, 8326, 8358, 8379, 8403, 8436, 8456, 8477, 8497, 8521, 8550, 8571, 8597, 8623, 8663, 8699, 8720, 8741, 8766, 8791, 8812, 8851, 8872, 8895, 8917, 8939, 8970, 8998, 9020, 9043, 9064, 9085, 9121, 9143, 9164, 9189, 9211, 9242, 9266, 9286, 9309, 9330, 9365, 9402, 9431, 9458, 9478, 9517, 9542, 9565, 9586, 9607, 9630, 9651, 9684, 9706, 9729, 9763, 9792, 9817, 9840, 9865, 9891, 9927, 9951, 9971, 10005, 10031, 10066, 10087, 10109, 10129, 10160, 10180, 10202, 10235, 10270, 10290, 10312, 10332, 10353, 10377, 10412, 10436, 10470, 10507, 10537, 10564, 10587, 10613, 10634, 10656, 10679, 10699, 10726, 10751, 10772, 10794, 10823, 10862, 10890, 10923, 10956, 10991, 11023, 11058, 11086, 11114, 11153, 11179, 11199, 11226, 11261, 11293, 11313, 11341, 11376, 11398, 11433, 11458, 11479, 11509, 11541, 11567, 11588, 11621, 11646, 11685, 11705, 11736, 11760, 11788, 11808, 11838, 11864, 11889, 11910, 11933, 11961, 11985, 12012, 12034, 12055, 12082, 12103, 12138, 12159, 12185, 12207, 12227, 12257, 12285, 12307, 12331, 12358, 12383, 12406, 12427, 12448, 12471, 12502, 12537, 12567, 12593, 12613, 12636, 12659, 12691, 12713, 12739, 12763, 12784, 12817, 12839, 12872, 12892, 12913, 12941, 12963, 12984, 13005, 13026, 13064, 13097, 13119, 13139, 13165, 13191, 13225, 13246, 13270, 13290, 13311, 13343, 13379, 13409, 13447, 13468, 13491, 13524, 13549, 13572, 13602, 13628, 13649, 13669, 13702, 13722, 13743, 13769, 13790, 13829, 13857, 13879, 13899, 13923, 13958, 13979, 14012, 14034, 14069, 14099, 14139, 14165, 14192, 14216, 14236, 14262, 14285, 14317, 14339, 14359, 14379, 14400, 14437, 14469, 14498, 14535, 14558, 14583, 14613, 14652, 14675, 14697, 14737, 14760, 14781, 14803, 14823, 14850, 14878, 14900, 14935, 14973, 14995, 15015, 15036, 15062, 15084, 15108, 15132, 15154, 15174, 15196, 15217, 15248, 15269, 15296, 15318, 15349, 15372, 15399, 15433, 15457, 15487, 15525, 15546, 15567, 15594, 15621, 15655, 15681, 15702, 15731, 15753, 15793, 15822, 15843, 15864, 15901, 15927, 15951, 15974, 16000]",603.0,0.0055377749959006
dry-beans-noise__n_segments=80__n_observations=22627,484,change_in_mean_bs,0.1446363012032977,0.0004861448711716,0.0271357228090334,0.0271357228090334,"[0, 44, 558, 1501, 1574, 2232, 2568, 2987, 3088, 3558, 3594, 3999, 4341, 4477, 4910, 5034, 5204, 5537, 6657, 6687, 6818, 6957, 7191, 7241, 7542, 7985, 8212, 8382, 8754, 9466, 9539, 9854, 9917, 10054, 10530, 10558, 10742, 11988, 12332, 12579, 13296, 13338, 13530, 13620, 13849, 13883, 13987, 14039, 14476, 14940, 15169, 15494, 15812, 15967, 16038, 16434, 16742, 16916, 17374, 17730, 17903, 17947, 18618, 18766, 18870, 19126, 19693, 19769, 20201, 20364, 20722, 21002, 21121, 21174, 21300, 21594, 21777, 22092, 22205, 22486, 22627]","[0, 44, 84, 120, 153, 208, 244, 283, 324, 367, 401, 451, 503, 558, 592, 622, 653, 682, 711, 745, 793, 844, 873, 903, 934, 967, 1016, 1074, 1104, 1135, 1171, 1209, 1244, 1276, 1310, 1360, 1391, 1420, 1459, 1501, 1544, 1574, 1603, 1633, 1672, 1703, 1739, 1783, 1822, 1861, 1908, 1943, 1973, 2006, 2044, 2074, 2114, 2172, 2202, 2234, 2271, 2311, 2345, 2376, 2431, 2464, 2497, 2526, 2568, 2605, 2650, 2683, 2713, 2743, 2797, 2829, 2879, 2910, 2944, 2987, 3025, 3057, 3088, 3126, 3172, 3201, 3231, 3281, 3315, 3345, 3384, 3424, 3453, 3503, 3558, 3594, 3652, 3682, 3723, 3773, 3807, 3853, 3882, 3920, 3956, 3999, 4055, 4088, 4133, 4179, 4211, 4246, 4278, 4310, 4341, 4380, 4412, 4441, 4477, 4507, 4544, 4576, 4607, 4637, 4671, 4728, 4760, 4792, 4821, 4860, 4910, 4940, 4979, 5034, 5074, 5111, 5143, 5175, 5205, 5242, 5273, 5302, 5332, 5383, 5413, 5464, 5506, 5536, 5573, 5610, 5641, 5681, 5719, 5760, 5792, 5832, 5864, 5894, 5923, 5979, 6008, 6045, 6084, 6119, 6153, 6211, 6242, 6279, 6330, 6372, 6401, 6450, 6480, 6510, 6539, 6574, 6605, 6657, 6687, 6720, 6775, 6823, 6863, 6893, 6925, 6958, 6997, 7026, 7062, 7098, 7131, 7160, 7191, 7241, 7281, 7334, 7378, 7408, 7445, 7474, 7509, 7542, 7599, 7647, 7695, 7745, 7789, 7825, 7882, 7912, 7941, 7985, 8036, 8067, 8105, 8150, 8179, 8213, 8252, 8284, 8314, 8351, 8382, 8412, 8443, 8473, 8505, 8538, 8574, 8607, 8636, 8673, 8710, 8754, 8802, 8831, 8865, 8894, 8936, 8981, 9012, 9045, 9075, 9109, 9154, 9200, 9246, 9277, 9311, 9342, 9376, 9407, 9455, 9506, 9539, 9589, 9619, 9666, 9719, 9755, 9789, 9818, 9853, 9886, 9917, 9966, 10020, 10054, 10086, 10116, 10146, 10175, 10230, 10285, 10320, 10368, 10397, 10427, 10456, 10500, 10530, 10560, 10589, 10627, 10656, 10693, 10742, 10786, 10837, 10876, 10905, 10937, 10966, 11006, 11038, 11073, 11112, 11145, 11177, 11211, 11242, 11277, 11314, 11356, 11394, 11443, 11497, 11527, 11559, 11591, 11626, 11665, 11704, 11736, 11769, 11807, 11854, 11884, 11930, 11988, 12032, 12075, 12123, 12158, 12197, 12227, 12277, 12332, 12366, 12402, 12431, 12461, 12491, 12549, 12579, 12613, 12656, 12693, 12735, 12765, 12819, 12861, 12894, 12935, 12985, 13019, 13048, 13086, 13119, 13151, 13181, 13214, 13259, 13293, 13342, 13372, 13402, 13432, 13462, 13495, 13530, 13559, 13590, 13620, 13650, 13691, 13726, 13765, 13812, 13853, 13883, 13923, 13953, 13987, 14039, 14068, 14098, 14132, 14161, 14190, 14236, 14271, 14311, 14360, 14390, 14438, 14476, 14505, 14535, 14567, 14604, 14634, 14666, 14697, 14732, 14761, 14793, 14825, 14879, 14908, 14940, 14976, 15019, 15060, 15091, 15127, 15173, 15202, 15232, 15273, 15308, 15364, 15397, 15434, 15464, 15494, 15536, 15571, 15619, 15651, 15681, 15716, 15748, 15780, 15812, 15841, 15890, 15931, 15967, 16000, 16034, 16068, 16100, 16135, 16166, 16199, 16242, 16271, 16316, 16354, 16384, 16433, 16473, 16529, 16587, 16627, 16657, 16695, 16742, 16790, 16819, 16872, 16916, 16955, 16986, 17017, 17046, 17076, 17106, 17135, 17170, 17206, 17239, 17273, 17306, 17339, 17374, 17428, 17459, 17489, 17520, 17565, 17604, 17638, 17682, 17730, 17762, 17798, 17834, 17871, 17903, 17947, 18000, 18030, 18073, 18106, 18139, 18187, 18216, 18248, 18283, 18314, 18348, 18405, 18447, 18476, 18524, 18562, 18608, 18647, 18683, 18720, 18766, 18798, 18838, 18870, 18906, 18941, 18988, 19021, 19062, 19094, 19126, 19171, 19207, 19265, 19299, 19345, 19379, 19409, 19441, 19489, 19524, 19555, 19594, 19632, 19662, 19692, 19731, 19769, 19806, 19840, 19880, 19911, 19941, 19976, 20015, 20044, 20101, 20143, 20201, 20230, 20261, 20291, 20322, 20364, 20419, 20462, 20495, 20529, 20559, 20598, 20644, 20681, 20722, 20757, 20795, 20836, 20867, 20925, 20972, 21002, 21033, 21064, 21121, 21174, 21204, 21241, 21270, 21300, 21358, 21388, 21418, 21448, 21499, 21530, 21561, 21594, 21650, 21683, 21724, 21777, 21824, 21853, 21901, 21937, 21966, 22002, 22044, 22092, 22129, 22159, 22205, 22243, 22275, 22326, 22356, 22393, 22434, 22486, 22521, 22577, 22627]",601.0,0.0087908080313354
dry-beans-noise__n_segments=80__n_observations=32000,484,change_in_mean_bs,0.1450533471419451,0.00040625,0.027125,0.027125,"[0, 62, 789, 2122, 2226, 3157, 3632, 4224, 4368, 5032, 5082, 5656, 6140, 6332, 6945, 7119, 7360, 7830, 9415, 9457, 9643, 9839, 10170, 10240, 10666, 11292, 11613, 11855, 12380, 13387, 13491, 13936, 14025, 14219, 14892, 14932, 15191, 16954, 17441, 17790, 18804, 18862, 19134, 19262, 19585, 19634, 19782, 19854, 20472, 21128, 21452, 21912, 22362, 22581, 22682, 23242, 23677, 23923, 24570, 25075, 25319, 25381, 26331, 26539, 26686, 27048, 27851, 27958, 28569, 28800, 29307, 29703, 29871, 29945, 30123, 30539, 30798, 31243, 31403, 31801, 32000]","[0, 62, 112, 153, 208, 283, 324, 367, 407, 451, 503, 552, 593, 673, 746, 789, 844, 891, 967, 1016, 1063, 1104, 1171, 1224, 1276, 1318, 1391, 1432, 1483, 1552, 1608, 1667, 1741, 1805, 1863, 1910, 1953, 2008, 2048, 2122, 2183, 2228, 2271, 2312, 2377, 2417, 2457, 2498, 2545, 2589, 2644, 2685, 2745, 2804, 2869, 2946, 3000, 3041, 3082, 3157, 3227, 3268, 3318, 3386, 3427, 3506, 3581, 3632, 3686, 3727, 3767, 3811, 3857, 3906, 3960, 4007, 4050, 4093, 4139, 4183, 4224, 4268, 4314, 4368, 4442, 4488, 4531, 4575, 4651, 4714, 4765, 4806, 4847, 4897, 4944, 4985, 5032, 5080, 5139, 5192, 5260, 5338, 5385, 5426, 5488, 5548, 5615, 5657, 5699, 5742, 5821, 5900, 5943, 5985, 6034, 6090, 6140, 6216, 6284, 6332, 6376, 6429, 6473, 6514, 6578, 6622, 6663, 6709, 6755, 6831, 6871, 6945, 7025, 7069, 7120, 7185, 7251, 7291, 7360, 7415, 7455, 7495, 7537, 7607, 7655, 7703, 7753, 7831, 7878, 7919, 7971, 8012, 8055, 8100, 8146, 8186, 8239, 8279, 8323, 8377, 8422, 8474, 8515, 8557, 8617, 8664, 8720, 8774, 8814, 8893, 8958, 9005, 9045, 9086, 9126, 9167, 9211, 9287, 9335, 9415, 9457, 9537, 9600, 9643, 9684, 9753, 9797, 9839, 9889, 9964, 10031, 10092, 10170, 10240, 10295, 10337, 10378, 10452, 10532, 10581, 10623, 10666, 10708, 10750, 10796, 10837, 10888, 10949, 10995, 11041, 11082, 11124, 11180, 11232, 11293, 11361, 11405, 11446, 11488, 11529, 11570, 11616, 11656, 11700, 11765, 11813, 11855, 11931, 11994, 12042, 12085, 12125, 12168, 12237, 12287, 12327, 12380, 12439, 12501, 12559, 12624, 12704, 12746, 12786, 12830, 12905, 12946, 12996, 13038, 13097, 13137, 13178, 13225, 13280, 13332, 13387, 13444, 13490, 13548, 13607, 13663, 13739, 13779, 13825, 13894, 13936, 13998, 14038, 14104, 14147, 14219, 14265, 14306, 14347, 14394, 14455, 14505, 14571, 14619, 14667, 14712, 14757, 14799, 14840, 14890, 14932, 14977, 15033, 15105, 15147, 15191, 15246, 15287, 15329, 15370, 15411, 15451, 15497, 15542, 15586, 15633, 15674, 15745, 15794, 15835, 15906, 15947, 16017, 16059, 16118, 16184, 16260, 16334, 16402, 16451, 16492, 16536, 16580, 16630, 16671, 16714, 16761, 16814, 16892, 16954, 16996, 17037, 17084, 17126, 17206, 17246, 17291, 17333, 17374, 17441, 17482, 17540, 17583, 17624, 17685, 17738, 17796, 17850, 17891, 17934, 17987, 18052, 18128, 18171, 18212, 18270, 18336, 18377, 18427, 18469, 18543, 18584, 18648, 18706, 18746, 18804, 18862, 18929, 18980, 19044, 19085, 19137, 19194, 19261, 19321, 19367, 19412, 19455, 19511, 19585, 19634, 19682, 19728, 19782, 19854, 19931, 19979, 20033, 20079, 20122, 20163, 20203, 20251, 20293, 20343, 20387, 20431, 20472, 20539, 20580, 20622, 20665, 20737, 20779, 20823, 20866, 20906, 20947, 21020, 21060, 21128, 21180, 21225, 21265, 21340, 21409, 21452, 21492, 21532, 21585, 21659, 21728, 21800, 21850, 21912, 21962, 22015, 22062, 22103, 22162, 22202, 22270, 22323, 22364, 22419, 22460, 22537, 22581, 22641, 22682, 22731, 22771, 22813, 22879, 22940, 23005, 23057, 23107, 23173, 23242, 23308, 23378, 23442, 23495, 23537, 23586, 23634, 23677, 23745, 23792, 23859, 23923, 23976, 24017, 24057, 24115, 24156, 24199, 24242, 24289, 24345, 24407, 24457, 24500, 24570, 24611, 24667, 24729, 24770, 24813, 24858, 24915, 24967, 25026, 25075, 25149, 25203, 25263, 25319, 25381, 25429, 25489, 25546, 25612, 25661, 25705, 25751, 25797, 25837, 25885, 25928, 25999, 26046, 26092, 26171, 26217, 26259, 26331, 26408, 26480, 26539, 26592, 26635, 26687, 26744, 26788, 26847, 26913, 26959, 27007, 27048, 27114, 27157, 27205, 27270, 27318, 27386, 27428, 27506, 27547, 27614, 27670, 27750, 27804, 27851, 27917, 27958, 28009, 28055, 28113, 28155, 28196, 28241, 28285, 28326, 28394, 28436, 28509, 28569, 28609, 28670, 28711, 28759, 28800, 28846, 28917, 28990, 29063, 29105, 29174, 29241, 29307, 29357, 29433, 29477, 29526, 29567, 29632, 29703, 29759, 29824, 29871, 29951, 29993, 30034, 30082, 30123, 30171, 30226, 30268, 30324, 30371, 30412, 30454, 30498, 30539, 30579, 30642, 30686, 30757, 30798, 30869, 30928, 30980, 31044, 31112, 31158, 31200, 31243, 31294, 31347, 31403, 31459, 31505, 31563, 31618, 31658, 31699, 31740, 31801, 31876, 31916, 31958, 32000]",607.0,0.0120042120106518
dry-beans-noise__n_segments=80__n_observations=45254,484,change_in_mean_bs,0.1434099639334462,6.629248243249216e-05,0.0267600654085826,0.0267600654085826,"[0, 88, 1116, 3001, 3148, 4464, 5136, 5974, 6177, 7116, 7187, 7998, 8682, 8955, 9821, 10068, 10409, 11074, 13314, 13374, 13637, 13914, 14383, 14481, 15084, 15970, 16423, 16765, 17508, 18932, 19079, 19708, 19834, 20108, 21059, 21116, 21483, 23976, 24665, 25158, 26592, 26675, 27060, 27241, 27697, 27767, 27975, 28078, 28951, 29879, 30337, 30988, 31623, 31934, 32076, 32868, 33483, 33831, 34747, 35460, 35805, 35894, 37237, 37531, 37739, 38252, 39386, 39537, 40402, 40728, 41445, 42005, 42243, 42348, 42600, 43187, 43554, 44183, 44410, 44973, 45254]","[0, 88, 145, 208, 283, 367, 437, 503, 593, 673, 746, 833, 904, 968, 1034, 1116, 1174, 1276, 1333, 1391, 1483, 1552, 1609, 1667, 1741, 1805, 1863, 1949, 2008, 2116, 2184, 2253, 2314, 2413, 2495, 2561, 2654, 2711, 2806, 2871, 2928, 3001, 3066, 3148, 3228, 3312, 3370, 3428, 3499, 3582, 3658, 3729, 3813, 3870, 3962, 4066, 4134, 4191, 4271, 4330, 4388, 4466, 4578, 4645, 4710, 4768, 4850, 4947, 5022, 5136, 5196, 5283, 5361, 5423, 5492, 5552, 5621, 5691, 5749, 5843, 5905, 5974, 6036, 6094, 6177, 6288, 6376, 6455, 6519, 6583, 6668, 6731, 6836, 6894, 6952, 7010, 7116, 7184, 7256, 7347, 7421, 7499, 7556, 7661, 7759, 7839, 7926, 7998, 8094, 8152, 8209, 8267, 8325, 8383, 8450, 8521, 8580, 8682, 8779, 8836, 8897, 8955, 9012, 9090, 9157, 9215, 9292, 9389, 9463, 9545, 9622, 9683, 9760, 9821, 9880, 9943, 10004, 10068, 10134, 10211, 10303, 10409, 10467, 10539, 10596, 10674, 10758, 10845, 10924, 10989, 11074, 11148, 11218, 11296, 11353, 11413, 11496, 11578, 11645, 11709, 11768, 11828, 11885, 11949, 12034, 12095, 12161, 12225, 12297, 12387, 12450, 12512, 12570, 12635, 12715, 12825, 12883, 12957, 13049, 13108, 13166, 13236, 13315, 13374, 13484, 13559, 13637, 13701, 13777, 13835, 13914, 14003, 14099, 14158, 14262, 14322, 14383, 14481, 14542, 14604, 14661, 14722, 14784, 14850, 14944, 15002, 15084, 15182, 15258, 15359, 15423, 15509, 15598, 15703, 15765, 15847, 15906, 15970, 16028, 16085, 16149, 16207, 16271, 16345, 16423, 16502, 16590, 16647, 16704, 16765, 16853, 16923, 16985, 17047, 17137, 17216, 17323, 17384, 17444, 17508, 17565, 17634, 17695, 17758, 17818, 17902, 17998, 18063, 18139, 18223, 18281, 18347, 18438, 18529, 18595, 18659, 18717, 18788, 18873, 18932, 18992, 19079, 19178, 19262, 19334, 19425, 19487, 19580, 19644, 19708, 19776, 19834, 19946, 20021, 20108, 20177, 20234, 20307, 20401, 20481, 20595, 20652, 20717, 20794, 20881, 20978, 21059, 21116, 21181, 21239, 21297, 21398, 21485, 21568, 21673, 21742, 21799, 21891, 21977, 22057, 22118, 22177, 22236, 22340, 22398, 22476, 22553, 22631, 22694, 22768, 22831, 22897, 22958, 23017, 23075, 23132, 23191, 23255, 23327, 23397, 23461, 23556, 23661, 23728, 23812, 23879, 23976, 24037, 24094, 24152, 24228, 24294, 24365, 24427, 24484, 24546, 24605, 24665, 24749, 24806, 24864, 24929, 24987, 25046, 25158, 25223, 25283, 25396, 25454, 25553, 25613, 25683, 25759, 25816, 25878, 25937, 26021, 26114, 26210, 26278, 26345, 26415, 26473, 26531, 26590, 26675, 26735, 26797, 26870, 26982, 27060, 27137, 27241, 27300, 27408, 27470, 27528, 27585, 27697, 27769, 27826, 27892, 27975, 28078, 28135, 28236, 28346, 28414, 28471, 28538, 28626, 28729, 28787, 28873, 28951, 29011, 29084, 29166, 29230, 29294, 29363, 29455, 29548, 29654, 29741, 29820, 29879, 29992, 30058, 30115, 30206, 30263, 30335, 30418, 30478, 30540, 30599, 30666, 30735, 30826, 30895, 30988, 31069, 31137, 31228, 31288, 31353, 31457, 31532, 31623, 31680, 31764, 31857, 31934, 32017, 32076, 32149, 32231, 32340, 32406, 32482, 32559, 32630, 32713, 32777, 32868, 32928, 32992, 33103, 33163, 33242, 33301, 33394, 33483, 33565, 33623, 33681, 33754, 33832, 33902, 33975, 34055, 34112, 34170, 34234, 34295, 34358, 34434, 34516, 34581, 34657, 34747, 34847, 34937, 35030, 35101, 35199, 35267, 35343, 35402, 35460, 35557, 35616, 35690, 35747, 35805, 35894, 35961, 36022, 36095, 36156, 36223, 36330, 36392, 36453, 36510, 36575, 36633, 36691, 36760, 36832, 36925, 36991, 37098, 37177, 37237, 37341, 37399, 37465, 37531, 37595, 37657, 37739, 37808, 37913, 37972, 38033, 38142, 38252, 38341, 38400, 38487, 38565, 38623, 38683, 38754, 38817, 38927, 38993, 39054, 39112, 39177, 39237, 39298, 39385, 39443, 39537, 39598, 39679, 39764, 39853, 39958, 40027, 40084, 40149, 40227, 40285, 40342, 40402, 40468, 40526, 40586, 40645, 40728, 40786, 40847, 40908, 40983, 41091, 41149, 41208, 41276, 41346, 41445, 41503, 41565, 41671, 41735, 41825, 41883, 41942, 42005, 42069, 42148, 42243, 42348, 42407, 42465, 42527, 42598, 42692, 42767, 42838, 42897, 42958, 43056, 43130, 43188, 43252, 43310, 43392, 43450, 43555, 43612, 43686, 43765, 43824, 43897, 43965, 44034, 44120, 44183, 44246, 44338, 44410, 44501, 44586, 44674, 44738, 44796, 44856, 44913, 44972, 45040, 45098, 45160, 45254]",615.0,0.0177060359856113
dry-beans-noise__n_segments=80__n_observations=64000,484,change_in_mean_bs,0.1444591593718294,0.000453125,0.026953125,0.026953125,"[0, 124, 1579, 4245, 4452, 6314, 7264, 8449, 8735, 10064, 10164, 11311, 12279, 12664, 13889, 14238, 14720, 15661, 18830, 18914, 19286, 19678, 20341, 20480, 21332, 22585, 23226, 23709, 24761, 26775, 26982, 27872, 28050, 28437, 29783, 29864, 30383, 33908, 34882, 35580, 37608, 37725, 38269, 38525, 39171, 39269, 39563, 39709, 40944, 42256, 42904, 43824, 44723, 45163, 45363, 46483, 47353, 47845, 49141, 50150, 50637, 50763, 52662, 53078, 53372, 54097, 55702, 55915, 57138, 57599, 58613, 59405, 59741, 59890, 60246, 61077, 61596, 62486, 62807, 63602, 64000]","[0, 124, 283, 367, 503, 593, 673, 753, 833, 968, 1077, 1172, 1277, 1392, 1499, 1585, 1741, 1863, 2008, 2093, 2184, 2297, 2379, 2500, 2583, 2722, 2871, 2986, 3067, 3150, 3230, 3321, 3430, 3510, 3623, 3731, 3861, 3964, 4064, 4155, 4245, 4349, 4452, 4595, 4680, 4763, 4851, 4948, 5037, 5122, 5277, 5373, 5466, 5554, 5649, 5751, 5845, 5950, 6097, 6224, 6314, 6398, 6522, 6671, 6760, 6840, 6978, 7066, 7147, 7264, 7344, 7425, 7505, 7665, 7760, 7843, 7990, 8081, 8169, 8250, 8362, 8449, 8546, 8627, 8735, 8842, 8967, 9095, 9213, 9297, 9394, 9550, 9688, 9811, 9902, 9982, 10064, 10159, 10308, 10391, 10545, 10680, 10764, 10851, 10931, 11064, 11194, 11307, 11387, 11468, 11564, 11651, 11746, 11832, 11920, 12016, 12101, 12184, 12280, 12428, 12575, 12665, 12745, 12843, 12923, 13030, 13112, 13240, 13335, 13477, 13565, 13680, 13760, 13889, 14015, 14157, 14238, 14318, 14412, 14523, 14637, 14720, 14801, 14911, 15009, 15093, 15199, 15342, 15431, 15517, 15661, 15764, 15845, 15926, 16036, 16137, 16279, 16421, 16511, 16599, 16679, 16829, 16911, 16995, 17099, 17199, 17313, 17394, 17480, 17561, 17645, 17744, 17829, 17913, 17993, 18074, 18156, 18249, 18358, 18491, 18606, 18728, 18830, 18911, 19002, 19088, 19189, 19286, 19366, 19454, 19552, 19678, 19758, 19862, 19957, 20046, 20189, 20341, 20480, 20605, 20727, 20807, 20891, 20972, 21063, 21206, 21332, 21414, 21498, 21611, 21691, 21810, 21903, 21989, 22077, 22189, 22329, 22410, 22497, 22585, 22705, 22815, 22908, 23025, 23143, 23226, 23337, 23471, 23566, 23710, 23795, 23916, 24047, 24162, 24293, 24375, 24457, 24615, 24761, 24843, 24973, 25056, 25149, 25234, 25379, 25465, 25579, 25694, 25811, 25918, 25998, 26079, 26169, 26250, 26334, 26461, 26549, 26670, 26775, 26882, 26982, 27064, 27149, 27305, 27403, 27541, 27677, 27782, 27872, 27961, 28050, 28148, 28231, 28322, 28437, 28543, 28640, 28746, 28882, 28966, 29099, 29191, 29283, 29378, 29470, 29563, 29715, 29796, 29876, 30006, 30129, 30220, 30300, 30383, 30492, 30613, 30725, 30805, 30943, 31028, 31135, 31216, 31303, 31460, 31547, 31660, 31782, 31868, 31952, 32108, 32208, 32292, 32424, 32504, 32648, 32731, 32831, 32914, 33011, 33122, 33217, 33315, 33399, 33481, 33564, 33654, 33774, 33908, 33992, 34075, 34190, 34278, 34409, 34495, 34576, 34735, 34882, 34970, 35121, 35219, 35309, 35397, 35484, 35580, 35710, 35792, 35899, 35983, 36142, 36291, 36414, 36542, 36700, 36817, 36947, 37027, 37120, 37200, 37281, 37377, 37488, 37608, 37725, 37816, 37915, 38023, 38114, 38217, 38298, 38433, 38525, 38633, 38728, 38839, 38949, 39029, 39171, 39269, 39351, 39447, 39563, 39707, 39793, 39874, 39962, 40047, 40169, 40323, 40404, 40485, 40574, 40665, 40759, 40863, 40944, 41078, 41170, 41264, 41353, 41452, 41607, 41757, 41905, 41998, 42090, 42171, 42256, 42336, 42417, 42513, 42595, 42677, 42792, 42904, 43002, 43083, 43230, 43310, 43417, 43505, 43617, 43740, 43824, 43922, 44059, 44205, 44285, 44365, 44448, 44531, 44634, 44723, 44857, 44941, 45031, 45163, 45252, 45364, 45448, 45530, 45611, 45710, 45846, 45932, 46027, 46183, 46267, 46372, 46483, 46620, 46745, 46849, 46988, 47078, 47165, 47264, 47353, 47475, 47611, 47759, 47845, 47933, 48082, 48166, 48268, 48359, 48457, 48549, 48700, 48808, 48950, 49030, 49140, 49228, 49321, 49403, 49483, 49583, 49665, 49760, 49850, 49936, 50036, 50150, 50301, 50439, 50535, 50644, 50763, 50844, 50953, 51045, 51132, 51224, 51383, 51480, 51620, 51764, 51846, 51928, 52029, 52111, 52193, 52289, 52383, 52486, 52574, 52662, 52743, 52834, 52955, 53078, 53163, 53276, 53372, 53526, 53651, 53803, 53922, 54016, 54097, 54207, 54301, 54381, 54474, 54554, 54701, 54785, 54871, 54971, 55097, 55177, 55280, 55361, 55480, 55577, 55701, 55788, 55915, 56018, 56100, 56221, 56349, 56436, 56591, 56747, 56899, 56980, 57138, 57238, 57320, 57414, 57506, 57602, 57716, 57807, 57941, 58072, 58152, 58263, 58351, 58454, 58612, 58696, 58798, 58891, 58975, 59061, 59161, 59247, 59405, 59491, 59578, 59659, 59741, 59890, 59993, 60119, 60246, 60351, 60439, 60531, 60616, 60740, 60879, 60973, 61077, 61184, 61269, 61356, 61460, 61594, 61733, 61856, 61936, 62048, 62128, 62224, 62306, 62393, 62486, 62582, 62662, 62807, 62935, 63033, 63147, 63230, 63317, 63406, 63487, 63602, 63682, 63769, 63860, 64000]",614.0,0.0245205300161615
dry-beans-noise__n_segments=80__n_observations=90509,484,change_in_mean_bs,0.1466781441125824,0.0002541183749682,0.0274668817465666,0.0274668817465666,"[0, 176, 2233, 6003, 6296, 8929, 10273, 11948, 12353, 14232, 14374, 15996, 17365, 17910, 19642, 20135, 20818, 22147, 26629, 26749, 27274, 27828, 28766, 28962, 30168, 31940, 32847, 33530, 35017, 37865, 38157, 39416, 39669, 40216, 42119, 42233, 42967, 47952, 49330, 50317, 53185, 53351, 54120, 54482, 55395, 55534, 55951, 56156, 57903, 59759, 60675, 61976, 63248, 63869, 64153, 65737, 66967, 67663, 69495, 70922, 71611, 71789, 74474, 75063, 75479, 76504, 78773, 79075, 80805, 81457, 82891, 84011, 84486, 84697, 85200, 86375, 87109, 88367, 88821, 89947, 90509]","[0, 176, 324, 503, 628, 746, 968, 1172, 1319, 1484, 1609, 1742, 1864, 2009, 2233, 2379, 2500, 2687, 2833, 2948, 3084, 3198, 3314, 3430, 3558, 3731, 3849, 3964, 4078, 4193, 4350, 4494, 4625, 4765, 4950, 5124, 5279, 5397, 5556, 5725, 5847, 6003, 6181, 6296, 6523, 6672, 6840, 7014, 7144, 7262, 7413, 7528, 7715, 7845, 7992, 8171, 8390, 8554, 8668, 8782, 8929, 9098, 9281, 9397, 9553, 9768, 9905, 10108, 10273, 10396, 10549, 10768, 10890, 11036, 11159, 11307, 11424, 11541, 11656, 11833, 11949, 12105, 12235, 12352, 12521, 12644, 12792, 12925, 13117, 13245, 13366, 13547, 13685, 13803, 14021, 14232, 14397, 14511, 14642, 14770, 14898, 15015, 15196, 15348, 15523, 15722, 15843, 15996, 16163, 16285, 16427, 16543, 16739, 16863, 17001, 17123, 17241, 17365, 17508, 17650, 17786, 17910, 18078, 18304, 18495, 18610, 18732, 18888, 19113, 19231, 19351, 19465, 19642, 19869, 20018, 20135, 20283, 20499, 20613, 20818, 20945, 21070, 21213, 21373, 21497, 21619, 21816, 21997, 22147, 22273, 22417, 22572, 22713, 22861, 22977, 23094, 23210, 23346, 23480, 23601, 23716, 23831, 23945, 24061, 24248, 24385, 24528, 24716, 24834, 24950, 25067, 25243, 25358, 25473, 25590, 25705, 25929, 26090, 26261, 26453, 26629, 26749, 26892, 27056, 27274, 27413, 27551, 27687, 27828, 27965, 28079, 28262, 28440, 28555, 28766, 28963, 29109, 29225, 29388, 29524, 29679, 29807, 30018, 30168, 30308, 30504, 30625, 30739, 30856, 31032, 31149, 31310, 31428, 31555, 31672, 31792, 31940, 32083, 32219, 32435, 32659, 32847, 33015, 33132, 33294, 33409, 33530, 33710, 33890, 34085, 34200, 34388, 34611, 34832, 35017, 35131, 35297, 35447, 35561, 35721, 35857, 35994, 36153, 36298, 36425, 36608, 36724, 36840, 36958, 37092, 37292, 37499, 37691, 37865, 38007, 38157, 38310, 38445, 38658, 38847, 38962, 39147, 39272, 39415, 39548, 39672, 39888, 40035, 40216, 40337, 40522, 40679, 40818, 40944, 41112, 41252, 41368, 41484, 41622, 41772, 41920, 42107, 42233, 42347, 42473, 42590, 42731, 42851, 42967, 43081, 43244, 43431, 43631, 43764, 43909, 44074, 44220, 44334, 44486, 44628, 44766, 44898, 45118, 45269, 45466, 45629, 45806, 45950, 46071, 46285, 46430, 46551, 46764, 46991, 47142, 47326, 47476, 47631, 47779, 47952, 48094, 48288, 48477, 48670, 48828, 48970, 49191, 49330, 49465, 49603, 49796, 49956, 50123, 50317, 50432, 50555, 50669, 50796, 50937, 51096, 51246, 51405, 51519, 51642, 51786, 51922, 52051, 52194, 52311, 52426, 52554, 52685, 52824, 52945, 53061, 53186, 53350, 53485, 53607, 53826, 53945, 54120, 54324, 54482, 54596, 54723, 54843, 54960, 55151, 55265, 55390, 55534, 55679, 55796, 55951, 56156, 56322, 56487, 56611, 56767, 56988, 57106, 57259, 57435, 57554, 57671, 57786, 57903, 58021, 58135, 58256, 58372, 58501, 58659, 58798, 58913, 59083, 59210, 59344, 59484, 59601, 59759, 59902, 60017, 60136, 60251, 60400, 60521, 60675, 60803, 60931, 61071, 61209, 61367, 61485, 61690, 61861, 61976, 62092, 62249, 62418, 62533, 62647, 62855, 63073, 63248, 63459, 63576, 63717, 63869, 64028, 64153, 64330, 64447, 64593, 64769, 64948, 65102, 65252, 65369, 65484, 65614, 65739, 65904, 66044, 66159, 66292, 66448, 66565, 66696, 66813, 66967, 67115, 67293, 67462, 67663, 67792, 67907, 68029, 68175, 68291, 68498, 68659, 68775, 68922, 69060, 69212, 69362, 69495, 69628, 69755, 69933, 70077, 70192, 70393, 70555, 70691, 70807, 70922, 71038, 71195, 71320, 71457, 71611, 71789, 71922, 72084, 72221, 72386, 72521, 72703, 72893, 73110, 73224, 73340, 73454, 73673, 73847, 73962, 74132, 74252, 74474, 74603, 74725, 74871, 75063, 75185, 75304, 75479, 75696, 75905, 76033, 76212, 76345, 76504, 76650, 76871, 76993, 77209, 77333, 77448, 77607, 77730, 77848, 78013, 78148, 78284, 78415, 78547, 78771, 78955, 79078, 79217, 79343, 79481, 79603, 79760, 79957, 80155, 80270, 80393, 80608, 80805, 80976, 81104, 81229, 81457, 81647, 81779, 81915, 82039, 82160, 82328, 82451, 82578, 82693, 82891, 83094, 83212, 83328, 83496, 83610, 83752, 83895, 84011, 84221, 84368, 84486, 84697, 84814, 84937, 85084, 85200, 85395, 85539, 85724, 85941, 86063, 86202, 86375, 86572, 86799, 86914, 87109, 87241, 87355, 87518, 87634, 87850, 88011, 88125, 88242, 88367, 88483, 88640, 88821, 88987, 89211, 89334, 89455, 89599, 89741, 89947, 90085, 90264, 90385, 90509]",605.0,0.0322781970025971
dry-beans-noise__n_segments=80__n_observations=128000,484,change_in_mean_bs,0.1453968244455017,0.00053125,0.02715625,0.02715625,"[0, 249, 3158, 8489, 8904, 12628, 14528, 16897, 17470, 20128, 20329, 22622, 24558, 25329, 27778, 28476, 29441, 31321, 37659, 37829, 38571, 39356, 40681, 40959, 42664, 45170, 46453, 47418, 49521, 53550, 53963, 55743, 56101, 56875, 59566, 59727, 60765, 67815, 69763, 71159, 75215, 75450, 76538, 77050, 78341, 78537, 79127, 79418, 81888, 84513, 85808, 87648, 89446, 90326, 90727, 92967, 94706, 95691, 98282, 100299, 101274, 101526, 105323, 106157, 106745, 108194, 111403, 111830, 114277, 115198, 117226, 118810, 119482, 119780, 120492, 122154, 123192, 124971, 125613, 127205, 128000]","[0, 249, 503, 746, 968, 1172, 1484, 1701, 1864, 2080, 2245, 2414, 2710, 2872, 3158, 3430, 3623, 3861, 4028, 4193, 4494, 4771, 4950, 5124, 5287, 5521, 5683, 5847, 6064, 6226, 6387, 6674, 6842, 7018, 7198, 7358, 7530, 7717, 7994, 8173, 8487, 8697, 8904, 9224, 9531, 9723, 9906, 10109, 10314, 10551, 10770, 11070, 11243, 11426, 11658, 11839, 12017, 12191, 12361, 12628, 12895, 13087, 13248, 13550, 13716, 13876, 14115, 14278, 14528, 14845, 15019, 15200, 15360, 15527, 15721, 15937, 16128, 16290, 16474, 16735, 16897, 17067, 17307, 17472, 17654, 17922, 18083, 18367, 18615, 18893, 19118, 19375, 19691, 19875, 20128, 20329, 20504, 20775, 20951, 21219, 21379, 21625, 21840, 22003, 22226, 22395, 22622, 22922, 23150, 23325, 23486, 23650, 23837, 24067, 24227, 24391, 24558, 24839, 25072, 25329, 25489, 25709, 25933, 26094, 26265, 26564, 26748, 27062, 27322, 27558, 27778, 27972, 28269, 28477, 28658, 28900, 29110, 29274, 29441, 29651, 29814, 30025, 30239, 30512, 30700, 30864, 31040, 31323, 31513, 31679, 31841, 32036, 32227, 32443, 32667, 32850, 33059, 33317, 33500, 33720, 33900, 34095, 34307, 34474, 34667, 34833, 35142, 35308, 35562, 35814, 36005, 36267, 36564, 36735, 36969, 37142, 37303, 37489, 37650, 37829, 38017, 38187, 38387, 38571, 38736, 38972, 39157, 39356, 39519, 39728, 39899, 40073, 40273, 40462, 40681, 40958, 41195, 41378, 41550, 41782, 41952, 42117, 42306, 42468, 42666, 42850, 43080, 43256, 43443, 43643, 43814, 43983, 44169, 44391, 44573, 44747, 44910, 45170, 45477, 45640, 45817, 45999, 46277, 46453, 46613, 46774, 47001, 47194, 47418, 47640, 47950, 48112, 48283, 48487, 48680, 48980, 49259, 49522, 49796, 49966, 50133, 50332, 50531, 50694, 50857, 51038, 51257, 51417, 51625, 51789, 51961, 52226, 52454, 52702, 52868, 53072, 53311, 53538, 53705, 53963, 54174, 54336, 54509, 54736, 54924, 55132, 55310, 55515, 55743, 55933, 56101, 56337, 56626, 56875, 57125, 57355, 57589, 57752, 57937, 58187, 58387, 58611, 58928, 59098, 59359, 59566, 59726, 60031, 60269, 60535, 60765, 60945, 61144, 61305, 61499, 61704, 61896, 62099, 62270, 62548, 62776, 62977, 63272, 63474, 63733, 63903, 64079, 64241, 64465, 64625, 64787, 64966, 65270, 65434, 65632, 65817, 65995, 66178, 66419, 66584, 66808, 66969, 67135, 67313, 67482, 67646, 67815, 67997, 68204, 68512, 68679, 68895, 69164, 69365, 69556, 69763, 70018, 70212, 70413, 70575, 70807, 70969, 71159, 71419, 71606, 71823, 71983, 72243, 72408, 72714, 72915, 73132, 73362, 73604, 73869, 74049, 74274, 74464, 74626, 74923, 75211, 75450, 75719, 75885, 76056, 76319, 76531, 76755, 77050, 77355, 77557, 77740, 77925, 78150, 78340, 78536, 78707, 78969, 79130, 79418, 79618, 79780, 79977, 80175, 80448, 80616, 80800, 80997, 81180, 81401, 81600, 81888, 82060, 82311, 82472, 82714, 82957, 83181, 83342, 83518, 83702, 83917, 84082, 84244, 84513, 84677, 84838, 85137, 85420, 85636, 85807, 86039, 86250, 86504, 86668, 86842, 87041, 87204, 87381, 87647, 87875, 88036, 88226, 88388, 88553, 88823, 89014, 89268, 89447, 89625, 89896, 90064, 90326, 90497, 90727, 90892, 91108, 91307, 91500, 91723, 91930, 92097, 92260, 92430, 92591, 92806, 92967, 93127, 93287, 93450, 93712, 94002, 94312, 94530, 94706, 94896, 95136, 95317, 95598, 95759, 95979, 96186, 96384, 96605, 96880, 97085, 97313, 97500, 97691, 97860, 98025, 98282, 98442, 98622, 98855, 99029, 99198, 99359, 99519, 99701, 99922, 100090, 100299, 100517, 100804, 101103, 101274, 101526, 101713, 101876, 102086, 102342, 102522, 102794, 102955, 103236, 103468, 103739, 103903, 104066, 104348, 104630, 104814, 104983, 105146, 105323, 105573, 105751, 105923, 106157, 106441, 106745, 107015, 107224, 107384, 107552, 107718, 107957, 108194, 108354, 108520, 108698, 108905, 109121, 109286, 109459, 109775, 109944, 110224, 110392, 110597, 110858, 111020, 111181, 111403, 111581, 111830, 112063, 112247, 112407, 112569, 112826, 112990, 113180, 113473, 113680, 113901, 114062, 114276, 114511, 114793, 115035, 115198, 115463, 115657, 115823, 115995, 116156, 116439, 116683, 116882, 117044, 117226, 117442, 117614, 117821, 118130, 118310, 118534, 118810, 119089, 119263, 119482, 119779, 119941, 120177, 120492, 120758, 120973, 121147, 121315, 121493, 121754, 121984, 122154, 122450, 122764, 122958, 123192, 123398, 123602, 123785, 123966, 124274, 124448, 124625, 124806, 124971, 125140, 125451, 125613, 125894, 126085, 126278, 126439, 126610, 126852, 127029, 127205, 127396, 127604, 127775, 128000]",611.0,0.0431365190306678
dirichlet__n_segments=20__n_observations=250,484,mnwbs_changepoints,0.582689603925992,0.088,0.04,0.088,"[2, 21, 55, 58, 81, 94, 109, 113, 130, 132, 146, 159, 164, 180, 185, 191, 203, 244, 245, 250]","[0, 21.0, 23.0, 27.0, 59.0, 68.0, 83.0, 105.0, 109.0, 112.0, 116.0, 119.0, 134.0, 160.0, 181.0, 250]",14.0,307.13116622623056
dirichlet__n_segments=20__n_observations=353,484,mnwbs_changepoints,0.5269452581507897,0.0509915014164305,0.0623229461756373,0.0623229461756373,"[3, 29, 77, 81, 115, 132, 154, 160, 184, 186, 207, 225, 232, 254, 261, 270, 287, 344, 346, 353]","[0, 42.0, 72.0, 74.0, 94.0, 96.0, 115.0, 116.0, 118.0, 154.0, 157.0, 169.0, 178.0, 225.0, 229.0, 251.0, 261.0, 266.0, 268.0, 305.0, 307.0, 322.0, 344.0, 353]",22.0,1392.896641889587
dirichlet__n_segments=20__n_observations=500,484,mnwbs_changepoints,0.5471952209462925,0.03,0.068,0.068,"[4, 41, 109, 115, 163, 188, 218, 226, 260, 263, 293, 318, 328, 360, 369, 382, 406, 487, 490, 500]","[0, 32.0, 61.0, 65.0, 75.0, 112.0, 135.0, 144.0, 148.0, 201.0, 204.0, 209.0, 227.0, 265.0, 278.0, 325.0, 369.0, 372.0, 410.0, 463.0, 468.0, 500]",20.0,2192.6584627563134
dirichlet__n_segments=20__n_observations=707,484,mnwbs_changepoints,0.6852692051259274,0.033946251768033946,0.06647807637906648,0.06647807637906648,"[5, 58, 155, 163, 230, 265, 309, 320, 368, 372, 414, 450, 464, 509, 522, 540, 575, 689, 693, 707]","[0, 40.0, 47.0, 153.0, 165.0, 225.0, 285.0, 322.0, 348.0, 413.0, 464.0, 521.0, 524.0, 538.0, 566.0, 622.0, 707]",15,6292.286016569473
dirichlet__n_segments=80__n_observations=250,484,mnwbs_changepoints,0.03493165141601381,0.26,0.004,0.26,"[0, 6, 17, 17, 25, 28, 33, 34, 39, 40, 44, 48, 49, 54, 56, 58, 61, 74, 74, 75, 77, 79, 80, 83, 88, 91, 93, 97, 105, 105, 109, 110, 111, 116, 117, 119, 132, 136, 139, 147, 147, 149, 150, 153, 153, 155, 155, 160, 165, 168, 171, 175, 176, 177, 182, 185, 187, 192, 196, 198, 198, 206, 207, 208, 211, 218, 218, 223, 225, 229, 232, 233, 234, 235, 239, 241, 244, 245, 248, 250]","[0, 120.0, 250]",1,528.1619260497391
dirichlet__n_segments=80__n_observations=353,484,mnwbs_changepoints,0.16599899903025728,0.1359773371104816,0.0169971671388102,0.1359773371104816,"[1, 9, 23, 25, 35, 40, 47, 48, 56, 56, 62, 68, 70, 77, 79, 81, 86, 104, 104, 106, 109, 112, 113, 118, 125, 128, 131, 137, 148, 149, 154, 155, 157, 164, 165, 168, 187, 192, 196, 207, 208, 211, 212, 216, 217, 218, 219, 226, 233, 237, 242, 247, 249, 250, 256, 261, 264, 271, 277, 279, 280, 290, 293, 294, 298, 307, 308, 315, 318, 323, 328, 330, 330, 332, 337, 340, 345, 346, 351, 353]","[0, 48.0, 92.0, 100.0, 110.0, 120.0, 227.0, 237.0, 251.0, 291.0, 293.0, 312.0, 327.0, 329.0, 343.0, 353]",14,2181.5495126126334
dirichlet__n_segments=80__n_observations=500,484,mnwbs_changepoints,0.16312401633103793,0.108,0.012,0.108,"[1, 12, 33, 35, 49, 57, 66, 68, 79, 79, 88, 96, 99, 109, 111, 115, 122, 147, 148, 151, 154, 159, 160, 167, 176, 181, 185, 193, 209, 211, 218, 219, 222, 233, 233, 237, 265, 273, 278, 294, 295, 299, 301, 306, 307, 309, 310, 320, 330, 335, 342, 349, 353, 354, 363, 370, 374, 384, 392, 396, 397, 411, 415, 417, 423, 435, 437, 446, 450, 458, 464, 467, 468, 471, 477, 481, 488, 491, 497, 500]","[0, 18.0, 33.0, 39.0, 105.0, 174.0, 192.0, 292.0, 384.0, 500]",8,3509.5253055449575
dirichlet__n_segments=80__n_observations=707,484,mnwbs_changepoints,0.23625061780087103,0.1173974540311174,0.01272984441301273,0.1173974540311174,"[1, 17, 47, 49, 70, 80, 93, 96, 111, 112, 125, 136, 140, 153, 157, 163, 173, 208, 209, 213, 217, 225, 226, 236, 249, 257, 262, 274, 296, 298, 308, 310, 314, 329, 330, 336, 375, 385, 393, 415, 417, 423, 426, 433, 434, 437, 439, 452, 467, 474, 484, 494, 499, 501, 513, 523, 529, 543, 554, 559, 561, 582, 586, 590, 598, 615, 618, 631, 636, 647, 656, 660, 662, 666, 675, 680, 690, 694, 703, 707]","[0, 26.0, 47.0, 68.0, 80.0, 87.0, 111.0, 291.0, 295.0, 337.0, 416.0, 434.0, 442.0, 462.0, 543.0, 545.0, 550.0, 552.0, 595.0, 598.0, 629.0, 640.0, 707]",21,6972.123863230459
dry-beans-noise__n_segments=20__n_observations=250,484,mnwbs_changepoints,0.09322686182529068,0.312,0.068,0.312,"[0, 2, 21, 55, 58, 81, 94, 109, 113, 130, 132, 146, 159, 164, 180, 185, 191, 203, 244, 245, 250]","[0, 159.0, 177.0, 179.0, 181.0, 183.0, 185.0, 187.0, 189.0, 191.0, 193.0, 195.0, 197.0, 199.0, 201.0, 203.0, 205.0, 207.0, 209.0, 216.0, 218.0, 220.0, 227.0, 229.0, 231.0, 233.0, 235.0, 237.0, 250]",27,3991.411139360629
dry-beans-noise__n_segments=80__n_observations=250,484,mnwbs_changepoints,0.0037641595494872083,0.472,0.008,0.472,"[0, 0, 6, 17, 17, 25, 28, 33, 34, 39, 40, 44, 48, 49, 54, 56, 58, 61, 74, 74, 75, 77, 79, 80, 83, 88, 91, 93, 97, 105, 105, 109, 110, 111, 116, 117, 119, 132, 136, 139, 147, 147, 149, 150, 153, 153, 155, 155, 160, 165, 168, 171, 175, 176, 177, 182, 185, 187, 192, 196, 198, 198, 206, 207, 208, 211, 218, 218, 223, 225, 229, 232, 233, 234, 235, 239, 241, 244, 245, 248, 250]","[0, 237.0, 250]",1,4212.7486901171505
dry-beans-noise__n_segments=20__n_observations=353,484,mnwbs_changepoints,-0.002901525412527206,0.45325779036827196,0.06515580736543909,0.45325779036827196,"[0, 3, 29, 77, 81, 115, 132, 154, 160, 184, 186, 207, 225, 232, 254, 261, 270, 287, 344, 346, 353]","[0, 321.0, 323.0, 325.0, 338.0, 353]",4,16895.253257745877
dry-beans-noise__n_segments=80__n_observations=353,484,mnwbs_changepoints,0.020234178127951787,0.37393767705382436,0.0113314447592068,0.37393767705382436,"[0, 1, 9, 23, 25, 35, 40, 47, 48, 56, 56, 62, 68, 70, 77, 79, 81, 86, 104, 104, 106, 109, 112, 113, 118, 125, 128, 131, 137, 148, 149, 154, 155, 157, 164, 165, 168, 187, 192, 196, 207, 208, 211, 212, 216, 217, 218, 219, 226, 233, 237, 242, 247, 249, 250, 256, 261, 264, 271, 277, 279, 280, 290, 293, 294, 298, 307, 308, 315, 318, 323, 328, 330, 330, 332, 337, 340, 345, 346, 351, 353]","[0, 269.0, 286.0, 288.0, 290.0, 292.0, 294.0, 296.0, 298.0, 304.0, 306.0, 308.0, 310.0, 312.0, 314.0, 316.0, 318.0, 320.0, 322.0, 324.0, 326.0, 328.0, 330.0, 332.0, 334.0, 336.0, 338.0, 353]",26,17331.004630468786
